514 7515555155-7165315515.

7515555155, 95151. 011556, 35115555, 65.

7155155 313.

7155155, 11155511 1111155155 575.

355155 (7511555), 86555555 555 1277,
600.
1165515 (755111, 755115, 755115, 75515,
75515), offenburg) 3, 317, 391, 441.
5555, 55515855, 155, 511, 456, 516,
577, 631, 640.

7156515, 215511555555531269391, 1277,
576.

7356515, 8555151555 170, 200, 259, 391.

1166515, 11155565 7115651 1262, 259, 1263,
278. - 11516155 8115551 555 &tanco
1269, 391.

71615150151115 855515 555, 11151165 565
65611555 gutta 5551115511515, 1252,
55. 851. 8155655555 5551015511516.

1161515, 351155 555, 11555651511355
55151, (1274-1277815515165165) 1273
-1280, 486, 503, 507, 544, 612, 673,
674. - 1865655515 555 1259, 221,
1561, 361, 1566, 383, 1565, 465. -
56555555 73556151 5551266, 343. -
1151655165, 1515 7155555115115515555155
5155 65551266, 343. - 1151655165 555
1253, 79.

75511515, Wemolphus ultra 1254, 108.

71515161 (75511151, 115151. 1115555, 35.
3551555515, 187.

71555161 (75511515), 115. 2355555516, 5.

86651613 (7551111555), 95135565551111,
439. 7151. 21651516.

3651517 (7555515) 5617166165, 1152355615
5551, 409.

1161511556 (7551115555, 7511555), 3151555
(1116556556) 555 55655555 555, 11511555
1253, 68, 1255146- (55555555 555
1263, 282, 12615339, 1271, 439. -
11555555 555 1265, 324. 7151. 8651515.

75511115 1. 11555161.

1165115515 (7551115155) 551 wate, 3151555
555 1279, 656, 1277, 593. - 1551115165,
1515 1155555, 1279, 656.

7551155 1. 736515.

75511555 1. 11665161.

Vogel, 71555555 1273, 473.

11616155, 56515555 71. 555 715515, 55165
515 15158515651151156156, 561165 15555
1266, 343. - 55155515 555. 73655155
1263, 283, 1264, 308. 7151. 1161515.

7551511555, 8615161335.1181555555111,439.
7151. 7165511556.

75515 1. 7161515.

71551555, stt. 85555616 1. 2166511555 551

71615161.

1165515 (75151155), 115151. 716115, stt. 0211ae
551111, 584.

7155516, 2155555153 5551155555556 551
015315, 15155 155165, 1254, 110. -
1155555556 555, 815615, 1556 2515155,
71651515, 56565 111555, 1254, 110. -
7151. 75161.

8656 (755), 25151. 8555655615, stt. 865165
55516, 438, 636.

11653 (755, Veis), 555555 555 1257, 181,
182, 1262, 261, 1271, 437, 1274, 507,
1277, 599, 1279, 659. - 1155555 555,
1115555655 15 1135555116, 1. 1365555156.

751155 1. 715165.

7515 1111653.

7151555, 551, stt. 815565 561 55555565, 176.

7151565, 56151515 5551257, 176.

75158155 1. 7851165.

716165 (velen, veilen), 1155555 555 1260,
226, 12615397.

7161155 (75155155, 7511551515) 551 uu,
1555655551, 56555555 555 1252, 54,
1554, 115, 1565, 558, 1551, 435, 1571,
593, 1280, 675.

8611553, 8115651 555, 0111611555 555
7355651151, (5156115551277, 597.

751115 (7151115562) 319.

7515551511 1. 7161165.

venen, (2555555151555 1259, 206.

7155155,115151.,85. 1111111556, 483.

865565, 11116551 (3555555 555 98. -
71111551 555 1262, 265.

7165555, 27555655 56555555 1257, 180.

7165565, 81. 81555655 157.

75551, 1555515551 555 1254, 118. - 7151.
7165516.

11551 (751155) 551, 3513155655556, 324.

75115, 55155165 555 1264, 234.

116555555655586515565651851551505515.

75155515 1. 7165355515.

7165355151751515515,755515515),11511566,
65, 461, 589, 610, 616, 668, 672, 675.

7165351515, 11155555 6151115165 1278, 616,
mmm&

7165855515, 555656565516565 7111155551 (55
5551 1280, 672.

 

