516 ’ 116161161-865611116.

169, 117, 212, 246, 260, 306, 441, 467,
580, 619, 647, 656, 659, 661, 664. -
51116666,6666165616511,1271-1279,
431, 441, 461, 580, 619, 647, 656, 659,
661, 664. - 361666, 61661616, 6165611
1271, 664.

116161161, 51161111 1276, 552. - 11116116
1268, 1961 1260, 231.

Κ616161,51161111 666, 611616, 11111 6616,
1269, 411. - 6116616 661111611611616
1276, 549.

1111611, 111111. 116561166116, 111. 5111615,
46, 274, 275,“ 608.

1111111161116 (11661661661166161616), 111.
5111615, 446, 542, 543.

Kiriedorpe, 2116615 666 1252, 58.

1111611661. 111111161.

1111116161) (6161161616), 66161616 1111111.
1511116, 111. 56111, 603.

6111161611, 6616111 665 1111111111 666,
1116511, 1252, 62. - 5616 1263, 2821
1264, 294. 5616 6115 1117111111 1269,
404, 465.

111116511161 (Luttikenbersen) 611 5616
111661 512, 573.

y 1111611. 61161. ·

11156665 (Clovelingthorpe), 1111111. 61661,
111. 36611, 511. ,

11611161, 6165611666 1257, 1111 1260,
281. - 6166611 6115 6616 6166611
1257, 181, 1821 1279, 642 (11165611 665
111665116111111666 86611111). - 1111
11661 666 1271, 4321 (1273), 476.

1161116 (11661666), 561, 111. 1611516166116,
233.

Kodincdorpe 1. 1156111111.

11616, 9165116611 665 61651, 12, 19, 36,
Qffiffimmmm

11616, 11161111 6115 1111111, 2,119,124,
fflmmmfflfflffi
639.

QMWWWQQQQ
316, 518. - 6116111161 1111117111 126,
129. - 6116111161 1166166 1251-1261,
ωω66ωωωψ,
244, 245. - 6116111161 6611161111262
4ΜΜΜΜΜΜΜ
442. - 6716111161 61111115 1277, 587,
601) 1278, 624.

6616, 1116111166 61111111 1278, 628. -
5611616 1266, 159.

11516, 6661661111245. - 6116116ρί6616
6161111115 666 1116161611 1261255. -
666116161111 16116615 666561111275,
541 (1. 56111). - 5661616116 11111111
(666 81166111) 12581931 1262, 255.
- 1161111111 15161111 1262, 255.

66111, 11161661 666 61. 611166 232.

9616, 16166661161516616666161161168
1260, 231. ·

11516, 216116166161161111 143.

86116611666616111611111161165611,409.

1161661516 221. ·

6611116661 6. 5. 1111111284.

6611616111 (6616116111) 611 1365611116,
111. 6161166611, 325.

1161166761116 409.

Kolnere, 51161111, 6666616111 6111111,
1279, 642.

116616511611166 5166116116 666 81111561,
1211160.

Koperslagere 1. 961111111616111.

11611 (116166161111611666161), 61611111 “
661616) 1278, 631. - 51161111, 6666
61111111 161611, 1276-1279, 554, 560,
Μωωωω-ω
1116 1116511, 1275-1280, 539, 554,
563, 615. - 26566518, 6116811166,
5116111, 11116, 51116666, 1161166616,
8111116116, 6611116, 1111116, 11161 1116511, ⁸
1276, 563.

1111616151116 518. ⁸
81161611661166111151111661111111111111,
1111111. 11611116,61. 8111166616, 94.
61666111,66161161116511161116661161111.

6618511116 683.

1166616116, 66111615 666 1268, 383.

11611, 56116111 116. 1273, 489. - 666115,
11161111, 1116 86111, 1252, 58.

6611111111111111 (Coperslegere, 116161·
6161616), 1161666 665 61161615, 11111
511, 1272, 457. - 1811111615, 1111661161
516 5611111616 16 1166661611, 1274, 501 J
1275, 544.

Κ616166116 521. 6. aud) Cotelbeke.

L.

Lacherge 1. 8656111111.
1366611116 (16666116, 16166116), stt.
2161166161, 134, 247, 325.

 

