536 115551-615111.

515551 (Bothe) 5115151151, 111. 61115155,
395, 396.

Rode 221.

Rode, 355511 5511 1279, 656, 664.

11511551155155 555 1262, 258.

215511151151211515), (55115111 85551555
555 1251126] 1255129- 55551551,
1515 511115151511 1151111255129.

2155155115, (5551551 555 1261, 244, 245.

Rodinchusen 1. 6155155555115.

1151115515, 111. 1555155156, 231.

Roding, 51115515, 5155515111 555111,
1271, 591.

51511155555115 (1151555555), 111. 15115155
511111, 445.

61511155555115 (1151555555), 615111 5511
1258, 196, 191) 1262, 2631 1266, 344 7
1273, 483.

515515555555 (Rodinchusen, Rothino·
husen), 111. 5511515, 214, 215, 344.

11515115, 5151 im 111151. 11111551, 452.

11515515 223.

Rokinchusen 1. 615555555115.

5151151511155151 51 2111155511, 111. Deua:
511111, 198.

Rolovingh, 51151555 1280, 683.

515111, 1155115511, 637.

31511, (1115515 1261, 241.

51511511, 1155115151, 61.

51511511, 5511515 5111 5511 1252, 61.

51511511, 115111 2551515151 555) 1115115111,
5111111 115111, 1274, 516.

51511511, ς51111111, 1265, 320.

Rota, frater conradus de 1251, 18.

115155, 5151 111 1155115155 511 511115
353.

5151511, 1155155 1262, 258.

Rotgerus dominus 1269, 394, 335.

11515551. 31511551.

Bothe 1. 615551.

Bothe 1. 1551551155.

Bothe, 55115111 555 1276, 569.

1151555 1. 5151111111.

1151555 1. 6155515.

1155555511. 3155155115.

Rothinehusen 1. 61551555551111.

Rothstocke 1. 51511511.

11511551 (1151555, 11515551), 111151. 51111111,
195, 465.

1151155111511155), 111515 555 1255195.

51511511 289.

515111 1. 11515515.

51515, 1511111151 15 55111115, 1264, 298.

11555111, 1. 11551151.

Bucen, 1511511111 555 1252, 55.

1155555511. 6155155111.

1155555, 2115515 555, 11111111 111 135555
511111, 1271, 436.

1155511, 2511 511 11511112 2155151115
1251, 153.

2155155115 (1155555555), 1155551111 555
1271, 446.

1155555115, 11555115 555 1262, 258.

5515155511 (2555515555), stt. 21111115
5515, 668.

5151515555,111151115 555 1272, 456.

1111151511 (1155551111), 111151. 5115151, stt.
5111155155, 453, 559, 649, 647, 682.

51521511, 355111 5511 1251, 401 1267, 3641
1273, 488.

51111111 (115115), 111151. 11111515, 111. 1111115
511111, 181. - 1111151115 559.

51111111, 51115515 555 1272, 456. - 115155
min 555, 15111551 555 ὓ5555155 1. 5.
- 6155511 555, 1551115111 in Dssnw
51511, 1. 5.

Rufius, (51111115, 5551155555551151266,

Rufus, (5115515, 15111511 111 15555151,
1277, 518.

11515, 1155551111, 1111151115 ὓ5555155,
1277, 612.

6111111, 111. 1125551115, 111151. 533.

6111111, 5551115511, 580, 584.

615115, 211511 265, 206.

51111152115511511115 1254, 95.

5111111, 5115155551 241.

515111, 515115121551, (1151555111511115
5515, 1515551511 51511115 555 {3⁰²
555515, 1111555155 1255111, 1277, 564.

515111, 11151111, 32, 51, 95, 96, 101, 108,
ΜΜΜΜΜΜΜΜ
mmfflffiffimmm
592.

615111, 111, 1115511 51151555 1269, 396,
4005 1275, 415) 1275, 5221 1277, 583.

- 1151111111 1515511555 1269, 3981
1277, 583.

515111, 5111115511, 615111, 51151555 555
1261,241.-115551511555555551151115,
1115 255551265305- 51111115 555
1275, 615.

 

