Dssnubtfxd. 529

1261, 841, 61111111 1111111 1118111
(Lothere) 1278, 617. - 8111111011
38, 74, 104, 163, 164, 808, 388, 617.
81111111 8111111 1111 8111111111 1. 1.
- 8111111111 1278, 617. - 1311111116
11111 7, 30, 87, 808. - 11111111 88111111
1111111111111111. - 1111111611111
815, 816, 869, 343. 11111111 81111111
1111111111111111. - 61111111611111
300. - 61111111611111588.

1161111111, 811111161111111 513, 658.
81111111 81111111 1251, 40, 1260, 830,
835, 836. 1111111111 11111111 1276, 568.

1161111111, 61. 181111, 16111111 8811111
111 81111111 1267, 364, 1271, 436,
1273, 489.

1361111111, (81111111 111 111111111111111
890, 383.

1361111111, 8111111111 3111111, 1260, 830.
-111111111161111111260830,-11111111
81111 1278, 617. - 11111116 111
9111111 1271, 436. - 1111111 8111111116
1111 111111 1253, 86. - ὓ111116 1263,
873. - 91111111, 9111111111158111
1111111116 9111111 1277, 601.

6111111111, 6111111111, 61111 1111111111,
9, 10, 11, 25-87, 40, 44, 45, 65, 77,
81, 82, 86, 114, 137,147,148,188,
mmmmmmmm
300, 308, 389, 358, 370, 374, 390
(3111111111), 401, 416, 488, 485, 440,
fflfflffimffimfflffl,
648.

1161111111, 61. 11111111, 61111611111111
1011111111 1251, 87 , 1253, 81, 88, 1254,

180 (8111111111 11 (1111111256137,
mwwmm

8111111 1111 8111111307.

1611111 6111111111 8111116111 1263
4mmwmmffiffl
4fflwmmmmm
mfflffiffimmm

603, 611, 614, 639, 641. 1111. 1111111111,
61111111, 6611111111, 1111111111 11111
1111116111.
1161111111, 61. 811111611116111111111
11111111 131111 (8111111) 116 111
1111111 11111111 810.
11111111 181111 1251-1254, 9, 10, 87,
38, 81, 88, 95, 116 1111111111 et:
wmwm

911, 0111. urbm IIL

17111111 1111111111 1255-1259, 138,
fflmfflfflm
1111111111 1111 1111111 1276, 416.
11111111 61111111 1272-1279, 467, 474,
505, 648.
6611111111, 61. 1111111, 6111161111111
11111111 1111111 1261, 87, 38, 116 1111
1111111 1111111111 810.
11111111 01111111 1259, 804, 810, 1263,
878, 883.
11111111 8111111111 1272, 467.
6611111111, 61. 1111111, 611161111111
810.
6611111111, 61. 8111116111111111111111
6111111111 6111111261-1257, 87, 141,
148, 176, 1263, 88111).
6111111111 311111 1260-1274, 831,
ffimmffimffiffl
6611111361. 1111111, 6111611111
81111111 111 Η1111111 1251, 9, 10,
51111111 111 Η1111111 1251,9,10,87,
1259, 810.
1111111 1251, 9, 10, 1263, 881 1111111111
111 8111111111111).
11111111 1251, 9,10,87, 1255,138, ,
1251175.
11111111 Juvenis 1251, 9, 10, 87.
1111111111 1261, 9.
1111111111 1251, 9, 87.
ῧ1111111 1251, 9, 10, 87, 1255138,
141, 148, 1263, 883, 1270, 416.
(11111 1251,9,10, 1255, 138.
61111116 1251, 87 , 1263, 881.
61111111, 111111181111111 1251118.
(1111111111 1256, 141, 148, 1263, 887.
1111111111 61111111 1259, 810 , 1263, 883,
1272467, 1274, 568.
81111111131111111111111111111111259,
810.
61111111 1272, 467, 1274, 508.
1161111111, 61. 11111111, 8111111 1111111
1111 8111116 1274, 508. - 81111111
11111111 508.
ῦ611111111, 61. 11111111, 11111111 810. -
1111111111 810.
1161111111, 61. 1111111, 8111111 1111811111
mm
6611111111, 611111118111111111111 1. 1311
1111111111.

34

 

