’11111-131111111.

11111, 311111111161 1261, 244, 245.
391. 1111111.

Tum, 31 1. bum 316111.

'Pvihusen 1. 3111111111.

1111111 409.

’11111 Tvint 1. Quem.

Τ11111, 51111111 bon 1279, 481.

Tvenhusen 409.

Tvyslo 1. Twisle.

311111 (11111, 11111), 11111111 1111,
351111 tn 6111111311 1111 {eit 1262
6111133111111125111111211-1211,
lQOmmmmm
fflffifflfflwffi

3111111116) in 6111131311 hei 2111111,
mansus 1111111111, 65.

3111111111 (Tvihusen), 61231111111111,
231.

Twisle, Twislo, 211116,1111119(ῗ111111113

x 611112111111111111 111 311111), 51111·
1111 nun 1251, 291 1273, 4331 1275,
522, 5331 1279, 5591 12715921 1279,
664. - 6111111111, 11111311113111
1111, 11111111, 5111111111, 1311111111, 86
111111, 9111111111, (1111611111, 1276,
559. - 31111111 bun 1230, 685.

’1193111 in 3111, 61. 5111111111, 391.

ΙΙ.

1116111111 f. 11111111.

Ubbinchusen 446.

5111111111, 11111111 bon 1252, 53. -
11111111 bon 1254, 112.

1111 (1251), 1.

1661111151111111111), 91111, aunt
5151111111, 311611 bon 1261, 248.

fimum (61111111161311111690.

6111133611), 61. 2111111111, 3111111111
1252, 50, 63. - 6111111,11111 5111111,
1262, 63. - 1311111111 12111699.

1111111111, 61111. 13111111611111111, 61.
311111, 45, 222, 240, 434.

6111111113) (3111111111, 3111111161),
61111. 91111111, 61. 2111111, 313.

meae, 611111 11111.

5191111111 1. 1111111111,

11111111, 6111111 111 31111114 1311111111 bon
9111111111, 1263, 231,

111111, 1111116, 5111115111 12511153) 1250,
1661 1253, 191.

3111111119 h Ungenade. '

1111161111. 61161.

3111115111.

Underenhorst‚ 61. 13111611τῦ11, 14.

1111111111, 3111111116, Ungenathe, belm
1111 1253-1279,69, 163, 169, 246, 306,
331, 431, 441, 661.

11111, 1111111611, 316.

11111111 (1111114), 611111. 5111111, 61.
1111111, 343.

111111 (Uphoven) 1113111111, 61. 1311119
1111, 409.

1111111(1]1111·11),6111156116,6131111111ς
11111, 619, 620.

1111111, 61111111 bun 1259, 206.

1111111 911.- 1111111 18, 111, 116191,
304, 331, 466.

11111111, 31111111116111111 590.

11111111, 31111 31. 11111111, 301.

11111611, 3111161 bon 91, 293, 443. -
13113111 81111111 1267, 3611 1277, 590.

11111111, 1311111111 161, 61111111 1264, 301.

V.

311111,91111111,5111111111113111111279,
413.

3111111 (1111131111), 61. 1311111111, 1.
3111111111.

31111114 (1111111111, 1111111111), 61111.
1311111161, 6113111111, 101, 452, 498,
503, 504.

waldem, 61111. 1316111111 α. 1111111111,
61. 31111111, 625, 653.

Valehusen 1. 1111111163.

31111, 31111111 1273, 483.

Vallaeria 1. 13111111.

Varencampe 1. 8611166611.

3111611161. 3111111), annam 1111
1211-1261, 30, 94, 62, 76192141,
mfflmffimffimm
245, 255, 261, 213, 213, 322, 330, 333,
345, 353. - 31111111 uon 1263-1299,
333, 442, 466, 489, 550, 613. - &tw
1111111 1273, 436, 439) 1273, 615.
-511111,13111111141311111,1273,615.

3111111111 (Vacunae), 61111. 1111111
11111, 61. 21111111, 23), 501, 512, 513.

2111111111, annana 1111 1211611619.

31111111 (11111111119111111111 uon, 31111
119 311111 uon 1111111113, 1277, 591.

 

