&amm-bede. 509

1111111. 1. 81111, 111111.εο11, 58. -
91111111 2111111 1252, 58.

1111111111 (91. 29111111), 1111111111 111
1113, 489.

1111111,811111111191111111911112111111, 1 1111111111,1111111111111, 11111111

341, 477.

Hamme 340.

Η11111,11111111111731111111511111111.

11111111 (Η111111111111811111111 1. 1.
28111111, 91. 8111111394.

1111111111 (Hersethehusen, 31111111-
husen,Herswedehusen‚Herswidehusen),
81. 21111111, 9111111, 36, 209, 450, 529,
530, 531, 532.

1111111111, 91, 2111111111111 1275,
530, 531, 532. - 111111 2111111111
1275, 530, 531, 532. - cellerarius
81111111, monachus 2111111111, conversus
81111111 1275, 530.

1111111111, 1111111) 111, 0111111111, 11111
t&run 1259, 215.

111111111111,111111111511111112111111
1259, 221.

1111111111111, 9111118111, 91. 111111, 65.

Η1111111111111 1. ῡ1111111111111.

51111 111 2111111111, 91. 19111111, 210.

111111, 21111111 1111251-1281, 40, 62,
ΜΜΜΜΜΜΜΜ
615, 679. - (1111111 1265, 3281 1277,
588. - 11111111), 1111111111 2111111,
1255-1266, 132, 142, 154, 199, 267,
322, 330. -111111111 12714941 1275,
542, 543. - 1111111111, 11111 &tum
Otto] 8111111 10111111), 11111 211111
1275, 543. - Dttn 1270, 415, 422,
423. ·— 9111111 1263, 274. - ὓ111
111 1111111111, 21111111, 1263, 2741
2111111113, 1111 (5111111111) 2811111112,
20111111, 1111 1111111111 9111111 11121111
1111, nepotes 1111111111111111 Dttn
1277, 609. - 9111111111111111111,
1111 211111, 91111111, 1251, 43. - inu:
111 111-1111, 14114514 (111111
1. 11. 111 9111111181, 353, 442, 454,
456, 472, 507, 589. - 0111111 111
1278, 615.

Η111111, 2111111 1111 1271, 444.

Harlikeshusen 1. 1111111111111111.

1111111111111 (Harlikeshusen)‚ 91. 1114
1111, 11111111 111 1273, 501. -
11111111 1272, 456.

1111111111, 91111. 2111111111, 91. 2111111,
322.

111 (51. 9111111111 111181111111278,
617. 811. 2211111111, 21. 9111111111.

1111111111 (Hardinchusen), 91111.
91111111, 522.

1111111111, 91. 2111111111, 911111, 90.

Η1111 1. 111111.

Harstorpe 1. 1111111111.

Η111,1)1111111 111 1265, 320.

11311111, 21111 2111111111, 2911111
111 1271,· 447 i 1273, 481.

Hasceking‚ Hazzekinc, 311111, 1111
111111 11111111, 1267, 363. - 1111111111,
1111111111 21111111, 1267, 364) 111
5116111 1263, 276 (P 1111 8111111111
1274, 5071 1275, 529, 5301 1277, 602,
6121 113 rector scabinorum 1278, 615.

&uie 326, 453.

Base, Basa, 8111111111 (Η141111111111
Η11111),111111111121111111112111111
1274, 507 (111 61111111) 1277, 578, 579,
6121 1278, 615.

Hase‚ 2111111111 0111111,21111111,1278,
627.

11111111111111111), 91. 2111111, 455, 572,
573.

Hasleten, 01111111 1111271595.

ῷ11111Η1111), 91. 2111111111, 11111111
111 1259, 206.

11111111 (Harsthorpe, Hastorpe), 91.
8111111111, 181, 182, 183, 267.

11111111, 11111111 911111 111 1251, 291
115 1111111111 1251, 39. - 61111111
5111111 1253-1111, 71, 94, 162, 171,
181, 182, 183, 190, 224, 231, 235, 236,
ffimffifflmmfflffl
476, 479, 496, 513, 566 i 111 1111111111
1277, 599. - 811. 09111111, 21111111.

Hathewig 1. mmm.

1111111111, 811111ιὶ71, 89.

Η111111411111, 1111111111 1111 1261, 247.

11111111, 91. 21111111, 276.

Hazeken, 1111 112111, 91. 2111111111,
226.

Hazzeking 1. Hasceking.

Heckengen 1. ῷ1111111.

1111111 (Hethem), 91. 8011111, 57.

bede! 91111. 2111111111, 91211111111111,
40, 669.

 

