31111111-91111111. 515ι

31111111111111 111 18111118 111 Deua:
11111, 1. 1111111111, 1111111111 9111111.

1111111113, 91111111119111111, 1263,

31111116, 9111111111 11 1191111111, 1.

1111111111, 111111111111111 911111, 1261,
250.

1111111111 2291 111. 8111, 1111111111,
(9111111111, 11111111.

3111111111, 01111111 1273, 501,

1111111111, magister, 1111111111 911111
11111, 11111111 111 911τί1111111, 1. Des
111111, 9111111111.

soniam, filius Elize, 1268, 373.

11111 (J 11111), 0111111111274, 514, 515.

1111111 1211, 181, 182.

11111 1. 15111.

1111111111, 111111 1111ὓ6111111, 1111
1111111111 9111111111. ·

81111111 1. 91111111.

91111111181111111), 11111111 111, 11911111

’ 1191111 1111 901111111111 9111, 1258,
193. 1111. 11111111.

1111111111, 901111 111111111111111111111,
1261, 244, 245.

1111111111 111 1111111111 409.

11111111 245.

31111111, 111. 1111111111,118,221..

31111111. 3111111111.

1101111, 11111111111111111911111257, 177

911111, 01111 111 424, 607. - 0111
1111111111 1263, 293.

311111111111(3111111111111, 91111. 1111111
11111111) 601.

Κωωα

11111111111111151111111, 1111111 1111111111,
528.

9111111111 seuniae: 11111 1. 111. 214. -
19111 Π. 119. -1111111111 Ι. 676, 677.
- 1111111111 111 11111111 1251, 361
1253, 551 1254, 1141 531, 532. -
31111111 1257, 179. '. 1111111 1279,
6451 1280, 676, 677.

1151151111, 1111, 11111111111111 8111111
111 1111111111111, 314.

1111111511, 1111111 111 1268, 387.

Κ11111111111.01111111111. ’

111111, 11111111, 611, 639.

kaminata, 91111111, 11111111 111 1269,
397.

Kanne, 1111111 1253, 791 1259, 2111 1269,
3911611111111111111111161119111
1111 1271, 4261 11111111119111116 111111
111, 1111111111, 11111111, 1111111111, 1111
1111111, 1111 911111, 1277, 576.

Kapele 1. 19111111111111.

1111111 111 1311111111, 11111111, 670.

Κ111111, Kappelen‚ Reppelen 1. ὓ11111
111 19111111111111.

9111111119111111111111),11111111111251,
15, 291 111 91111111125313. - 11111
11111,1111Θο111253-1269,93,69,283,
331, 337, 397, 4011 111 1111111111 1272,
465. - 11111, 2911111111, 1111111111
1111111, 1263-1260, 283, 465, 471
472, 489, 560, 588, 595, 606, 621, 647,
fflfflffifflffl-m,
1111111111, 1278, 6211 1279, 6531
1280, 674. - 11111111, 11111 1111111,
11111111 1111111111, 1279, 6531 1286,
673, 674. -1111 1111311111, bugu&
90111, 1280, 673, 674. - 11111111,
1111111116 6111, 1272, 465. - 1911111111
221- 81111116 111. 1191111111 11 11111
111111, 1271, 436.

9111111111, 111. 9111111111111, 9111111,
317. - 19111111 1111111111 575. -
canonicus: 1611111111 111. 111 11111111
1278,,623.

Κ11111111(31111. 11111111) 1281671.

1111111111ῐῖ1 (0111118111), stt. 11111111ς
11111, 503, 504.

11111111111. Ketsler.

1111111111, 1274, 511.

111111111111, 111111 111 1269, 391.

1111111111 (1111111111),11111111 1111269,
397.

1111111111. 19111111111111 1111 61111111.

11111111, 13111111 1252, 49.

1111111111 (Kericherinc), 11111111111111
1111111111 1111111, 1278, 626.

11111, (11111111 1257,181,182.

1111111101111), (1111111 1273, 487.

Kersebroke, 1111111 011 1266, 344.

Kersekoref 1. storf.

Kerstianesbus 111 (1111111111111 380.

91111111 (1111 1811111111), 11111111 11
1111111111, 1267, 361. - ψ 91111111
1251-1279, 29, 69, 100, 162, 168,

33*

 

