25556555.

Δ.

27515519, 559555 361.

2151555 in (5115151555, 35151, 250.

2155155557 (5555655551,855561555555),
91751. 2151555515, 91. busso 1. 28, 65.

275515555555155555 555 1272, 461.

81575155, 2555511555 555 5335551116,
1. 2351155.

Achenburen 1. &dunen

11151551 (Achenburen), 555151. 2575511551,
95. 2155555155505.

5551551, 55515515 555 1273, 483.

2155155 (2), (465155), 61555. &fiens 2555
85515555, 476, 496.

2155115555 (4151555155), 531. 2715555ῐό,
311, 338.

Adesdorpe 1. 2111355.

Adorpe 1. 2155555 555 8111555.

215558, 915155ιό555 394, 395.

215555, 55517155 21551555 5551255-
mfflmQffimm-
65515511 85555515, 155 &unns 1255-
mfflQOfflm
476, 496 - 255515, 15553155, 1269,
394, 395, 397 - 91551115, 2555555 555
55517155815515515 555 &tau 518 {1ssss
brith 555 551551551266, 226.

215553, 575155τί15 555 1259, 215. - 8⁰³
5555 555, 45555 555 5515512 555
1265, 226.

21555155 (4151155), 95151. 2151651, 35.
8517555576, 453, 653, 673, 674.

92555155, 355555 555, clericus, 1286, 686.

2151555 (41511151), 955151115555951, 215155
muron: 2155515 555 &Quum 1272, 466.

215155, stt. 2316155, 365, 369, 47617) -
956555 2655515 555 775155 1266, 365.

875155, 2115555 555 1268, 365. - ‘Diem

555 1253-1273, 76, 141, 142, 199, -

276, 287, 295, 296, 337, 345, 356, 358,
fflffifflQffl-mm
555, 7552115515,1253-1263, 76,141,
142, 185, 274. - 9351555 555, oenus
513651 25555555, 1. ὓ3555156.

215155, 55155115 &tubere 555 1276, 568.

21515561) hei 6215155115, 95. 2715555517

Alamannia regnum 131. ⁴

211555, 95155 15 55555556, 1263, 276. ”

2115515 in 55555555 1275, 522.

2115511, 5155557555 935571, 1271, 435.

8115555, 5255555556) 5551 1595551155
21511, 1265, 324.

2115555, metiret 1252, 54.

7115511, 955155 553 81115575 55513555
55116, 1255, 141.

‘albert' 556155555571551 355551, 1261, 259.

Albus, (5551515, 5555555555 6155251266,
345. - 855555553555155511558555515
5515555, 1272459. - 1115115(0111555)
gen. 555 §Durum 1253, 81, 86, -
65111655, 111553155,1253,81. 1. 5.
matum.

Albus nssl. aud] witto.

4165555131. Ω15555555.

Aldenselensis 3551351157. ῦῐδεηὶααῐ.

Aldenthorpe 5931555555.

Alebrandus, 2355515555 15 2561555555,
1231, 1.

Alethwede Ῐ. 21851556.

2715155555, officialis 559 355555 555
&agens 1279, 660.

25555551, 23515951 555 215515215555
1555521555 im 27551 11¹ ὓ3555566,
1278, 617.

 

