2011515111-075151145115. 541

5111111 5151115 1280, 675. - 1151111
1115111111 1252, 54. - 31111511 55111111)
ww
2211115511, 21511 11155115 1252, 51 -
21111 2351111115 1260, 675.
2051115111, 2111111515 bun 1262, 253. -

55111115 5511 1275, 543. - 51111155 ’
5111 1271, 435) 5111111111, 1111115115, ·
1011115111, 2011111, 11511111, 111111, 31111 ,
1115155111111111, 11511 9515111 8⁰2 -

11111115 1115 0111115151, 5111511551

51111555, 1111111115 500 5151510111, ᾧ
; 1151151255111.

1151 551111111151, 1280, 675.
2911111115, 9111115 non 1266,145.
Wasingen, 2151111 nnn 1254, 112.
2011111551, 55111111 51111115 nnn 1252,

55. -
Weberg 1. 2011511111.
1151115, 01111. 5111151, 31.
1151511515 1. 11111111.
2015111511 5511 1264-1280, 303, 423,

446, 456, 483, 493, 507, 543, 636.
2315111111 1. Doto.

Wedhele (20111511, 01111. 2115511151, 111.
2511115156, 5511251151 511 23115511)
529, 530.

2515511111111, 3111151511 21155111, 523.
- 1111111 25115115, 111111 3115511,
5111111 51511111, 0115111 ,3111111511
1275, 523.

201511, 1111115111 1267, 359.

115051551111, 1151111111 5115 51111115,
21111511, 1270, 416.

Wederplo, 11111111 511, 351111 51

. 55115105, 1280, 679.

1151511155, 51111151 551, 1111151111, 137.

2011511111 (1155511), et. 2111155100,
453, 417, 483.

20115112 (11555515, 1151155115), 31111.

'mmmmmmm

231115115111 (1151555115), 51111. 21111,
31. 255111, 303, 356. ’

2011151511 (1715155115), 51511111 bun
515 11111111, 1151 5111, 1270, 662.

251111(111555),011111. 5511151131 55111111
51511, 333, 444. - 5151311511, sto:
11111311111112211111515,111112511111,
515111, 511111 21111111, 1271, 444.

261111, 01115111 1111 1271, 444.

1051111511οῶ1, &tau 512 11111111 511155
mun (1251), 1.

251151251120115111117515515,11555515)
529, 530. 311. 23111511.

waldam, 51115 5511, 31111515, 11511
&Qmm

175111111502111115112 3151111111 211211)

Welle, 5151 in 5151511111 475, 436.

2211151511 1. 1151111175.

Wellethe 1. 2515561 1515 izemo.

2311151151ὸῆωῇ11, mmet-us uam

2011151111 (1025115111, 1111 5155111111, ’

01111. 21111131. 211111, 31, 22, 36.

115115135115111 1270, 660.
wemma, 5151 51 0551511111 551 ῡῲ,
[smne 572, 573.

. 2511151 (1111151), 5111115511 1261, w.

311. 211111.

231151, 20115111, 511111 1111111111 1267, 347.

25115111, 215111 397.

115115151151115 5511 1262, 256.

11515155, 1111111111 1251172.

115151551515111 1151155151. 1115111511.

Werenctorpe 1. 2351551555.

25111111, 55111111 311112, 111. 11111115, 663.

wetinges 1. 25111111.

11515111 5511511.

23111, 111. 51111, 9111111523.

2011111, an 511 3511151551 511, 2115111
ott! 1253, 88.

11151151, 3115611 hon 1271, 435.

23111111, 015111 1266, 365.

23111111511111511111 in 1311111151 1251,

2011115, 01111111 1251, 41.

1175115151, ,5155 5115 21011151 21111,
31. 5111115151, 636.

11511515 353.

25111113 (1175111151, 1151111155), 515151
3111111111,01.2)3115151,107,103,437.

20111111 5112511111155111, 2121111121
5111, 620. - 11111111 1111111111 1271,
437) 1272, 454.

23111151, stt. 51111, 663.

115115, 5111115 551 12715071 1220642.
1151111151, Wervyngen 1. 25511112.
2311511111,551115115 5511 1252, 511 1261,
1115111, 11511111 1111511111 nnn 1271613.
Wese 1. 251111.

5551155115 231.

35*

 

