510 {ymbe—beccum

111111, 1111011111111111,0111111011 11111
1111111111, 113.

1111111Η1111101, 10110111 10111257, 161.
- 0101111111 nnn 1270, 415.

Η1110, Β11111101111, (Β11111111111111) de,
0011101110, 111111 01111111, 1200, 385.

111111(Η111), 211111 5111111101 (3111111810.

11111111(Η1111011, 3110111111 1111 1251, 5.

11111101 (Eccum), 0111111111 1111 1251, 23.

111111111Η11111), 1011111 1111 1251, 112.

111111111Η11101), 0111011 11111 1280, 680.

11111 111 1101101110 501.

1111, 1111101110 (3011011111) 1011 1259, 861
1274, 501. - 1011111111 (0011111111), 11111
00111, 1272, 4651 1274, 501 J 1277, 5951
1270, 0151 1210, 685.

1111101101Η111111), 0111, 112, 113, 603.

1111011110, 101110101111101101 0111011111,

Ι 1111 20111111,1274,519.

1111111111,11110111111111111 10011 1111111111.

1111111111, 0101101 111 0111111111 1204, 298.

11111111, 11011011 111 1001011111 1252, 54.

1111111111, 91111111, 1252, 54.

1111111111, 1111111111 1111 1111111111), 1209, 404,

1111111111, magister, 11111111115111111111
(notarius, scriptor) 1251-1258, 34,14],
142,166,199.

1111111111, 150111 01110110, 1279, 653.

1111111, 91111. 0111111111, 01511110111111, 69,
519.

Η11101111, 1100111111. 01111, 111111. 18111111,
111. 5111101110, 235, 236.

Ηο1101111011110 miles 1. 10111.

1101010111.2000111111,01.11111011,65.

Hcllingcn 1. 11111111.

11100111001111, 0101111011, 36.

1111111111, 11110111 110 3110111111 1011
01101111, 1279, 660.

1111111111,111111111111011110111111,1250,146.

111011100111 111 0111111241.

Helmicus filius 10111016101101111111253, 68.

1111111011 110.

Ηο11110, 1101 (01111. 1011111131, 65.

Hcmbekc 1. 1111111.

Ηο11111111, 01111011 1215, 525.

11111111(Η1111101101, 111. 011111111111111
11111 1111, 01111111 1111011111111111 (1259
111 1201), 223. - 1111111111 1011, oenc:
11111111 11111111, 1271-1278, 436, 501,
542, 625.

Hcmminc, 1111111151 1209, 409.
Ηο11111111101010, 111. 1101111111445.
Η11111, 1010 1011 1252. 58.

1111111011 111 6110111011, stt. 101111. 10,
65, 412.

1111111011, † 0111111011 5111011111, 11111
10111111, 1272, 412.

1111111111, 111. 6111111111, 225.

1111111111, 1011111111 1011 1275, 525, 521.

11111111 ante Portam 111 1101101110 1252,
44.

1101111οε0111 1101010111111 111 01111111
(Sncdwinkcle) 395.

1111111401111111111111), 1111110111 1250153.

Η11·111110110111,ξ1111111111 1111 1253, 68.

Herebornc, 0111111111 bon 1280, 680.

Hcrcjcringhuscn 1. 11011111001111.

Herenghcn 1. 1111101111.

11111111 43, 60.

11111011, 0111112159, 60, 111, 290, 315,
581, 665. - 51111 0111 11111 011111 111
243, 643.

cecum! 11111, 11111111 111 ccc-12⁶3,
56, 59, 60, 111, 115, 158, 248, 290. -
1011101111 18101111 125260. - 1111111111
0111111111 1252, 60. - 9011011 111111
1111111 1111110111 1252, 59.

11111011, canonicus &concub 1201, 248. -
110101 10111011 ecclesie 8010111110 1261,
248. -111111111 0110111111 0011101, 01011
101011,111111101111,51111111 1254, 111. -
ς11111110 0111111011 1011Β1111111111111
8010111110 1111011111 60110111 1201, 248.
- ebdomadarius 1111101111 1111 5111110
1201, 240.

1111101131101111 11011 1252, 59. - 111
11101111 bon 1252, 59. - 3110111110
claudus 1011 1200, 344. - 1111. θο11οι
111111, 1001111111.

Herghcrinc, 1011111 1280, 683.

1111011011, 01. 0111111, 65, 102, 281, 413.

111111101111 20011 281.

Η1111111. 111011111111.

1111110111, 101011 111 1111101111, 1270, 618.

1111110111, 0011011 111 1111111111 11111 11οε
1111 1252, 59.

111101011101111111, 1252, 54.

1111110101, 9110111 110 0111110110 111111
5111111, 1254, 123.

1111010111, 1111111111 1111111111 81111011
111 cccccccccc 1200, 230.

 

