181151551511-185111555.

811 1266, 339. 8311. 61. 1111. - 1115
115118 51551115 1272, 4581 1278, 623.
- 1155111111 115151 scholarum 1278, 623.
- 131555 5511 1151551 (11155 15155111
11111 51111 11151111 5511 61. 11111) 1278,
623. - 51511155 1551111115 1253, 68.

18115111511111,21115151558111551 .......
555 65111 1256, 150.

1811511151511, 61. 8111. 1811.

18115111511111,1115515 555, 11115551 8111
1266, 331. - 1151111515 555, 11151111,
11111 6515, 1258, 196. - 11515115 555
1. 6855511111, 61. 1151555, 6111151111.
- 1151555 555 1271, 445. - 8515111
5511 1254, 116.

18115, 2155112611, 645, 616, 611.

18111515115115 (Rothe), 111. 1815111151,
6151111, 11151111 61151115, conversus
8111511115 1272, 458.

1811518155115, 51151 11151111 555 1. 11151111
5511.

18115181551111, 61551 555 1155111611, 41,
311, 381, 393, 431, 432.

18115181511115, 61111 5115 51511111 41, 314,
338, 381.

1811515155115, 6511211511 (8111515 1251,
41. - 61111511511111511155 555 81116
5111, 551115511111 13111151 55511855
511111, 1264, 294, 3131 1265, 3141 1270,
416. 1111. 8511551511 555 1111115111. -
611111115151111(5151 8155115) 115, 325.
- 61111511118115151251,41. - 611115
111135155518 1111555115115115111266,
338- 6111151111 1151511518 (15511 5111
11151) 51811515116111115111 515 18111518
5511885551551273,4831,1277,519,588.

1811515155115111115 5115111515, 65151
518 villicus, 1268, 381. 8115555515.

Wilhardinehusen 1. 1811111151155115.

1811111151, 5555515511111511 1. 81515111.

1811111111, 5111151115) 55511111115215151,
1111655.

1811111115, Willekin, 51115555 1251, 31
1252, 55.

Willen, (8111515 555 1261, 241. -

1111111111 555 1269, 391. - 11151555
555 1269, 391.

1815111511511115 (Wilhardinchusen) 211,·
58ῗ518ῗὲ11, 11151151 555 1278, 626.
8851115155 1. 1811115115.

549

18155511 (Wimmere), 91151. 8151511, 91.
18511511, 620. -' ,11115151 501. ·-
1111111 8155511 5511 18155511, 1151551115,
1115 6515, 511 11111511 11111111 555

15155515 555 1815111111 1273, 501.
18151551, 81111515 555 1254, 1101 1263,
1815551555 15 1111515511, 511511111111111

511 1111111, 65.

1815151515 (8851511115, de vineis), 8555
5111 555 1251, 231 1254, 112- otto
555 1265, 320.

1815111, 6151 15, 31. 1855155155, 223.

1815555155 super 815515, 5151 213.

1815515511, (5115111555, 111111, 250.

Winthus 1. 1815551555.

18151155, 1151511518, 11115555, 18115515
555, 1115511, 1151111 15 15511, 1115
15555, 1151555, (8111515, 11515555
65151, 1111111555, 1111515558 6515,
18115515,181155155 65111, 1273, 413. ,

5151 (1), 151555 1118, 198.

Wisehingen 1. 1811115115.

1851151115, 111111. 1111111111, 31. &amm
51115. 11111515, 690. ’

Wisgingen 1. 1811115115.

1811851111 (8851555515, winchingen,
Wisgingen)‚ 111. 1155551115, 18511111
555 1253, 861 12511381 11511881
1263, 281. - 1851111555 1151555 555,
18111511, 1278, 615.

Withenbrugge 1. 1855155155.

1811511515, 85151558 5511 1277, 595.

181111 (Albus), 11151555, 5151151111 111
1115511 1274, 515.

1815155581. 1815115.

Wlthem 1. 85115115.

185111 (181111), (5151 85111515 555 1279,

5515155555), 55515511, 515,
325, 313, 396, 555, 561, 568, 585, 655.

Wolcholt (1251), 1.

Wolde, 11151111 5511 1272, 4581 1273,

4911 1274, 503, 504. - 11151111 555 ’

1274, 503, 504.

Woldekke 1. 18515111.

Woldenbruggen 1. 1855155155.

185111555, 11151555, 15111111 15 mnu:
511111, 11115515, 111111 11155, 115155, 1115
6515, 1151551151, 1268, 3801 1272, 4101
1273, 49311274, 506, 508. ,

 

