510 Luppinedorpe-fflledeleffl.

Luppincdorpe 1. 8111111111.

Lupus 1. 151111.

Luscus 1. 95111.

5115111115115115511115111119115111
111519, 3151111115 (11111 519 81111 5111

51151115115111111) 11111 11151111 1115 '

9111111119 1111 3111111, 1935, 349.
Luthe, 181111 111. 1979, 647. 1111111151.
‘Lutten 991.

ωωωωωωψω”

5111 1971, 434. ,
5111115111511 3111111111 497.
511111115111111. 3111511111.
Lymburg 1. 91115111.
1111111, 111911.τῦ11, 6, 17, 18, 43, 511, 518.
11111111. 91195111.

911119 (1111111308.
9111111111 (11111111), 111111. 9111511, 91.
’ 9111111111, 635 ·
1111515111, 13111111 611, 339. - (5111
5111111 5111415.
9111111,31151,135,139. - 11111111 Ar.
camerarius, F. scultetus 1955, 139. -
,11151111 980. - (5115111111 511 980. -
3115111111 (9151111) 1954, 309.
1111511111, (51111115115155111115 5111
1111111111 511, &tete 111 1111151111 11
3911115111, 1979, 4651 1977, 595.
1111111115, 5111115, 91.
9111111111111. 3111115191, 11111111, 96,
mmmemm
11111111, 3111115, 91. 8110115111111111.
9111111, 1111115111 511 1953, 39.
9111111111, 911111119 1111951, 109. -
191111111511 1975, 596, 597. - 111,
111119 511 1975, 595, 596, 597.
911111115111, 11111111, 1. 11111111.
111111111115 (Campus 1. 111111; 1111111-
11111191. 1911115111, 11111111, 14, 89,
QQQQQQQQ
mmmmfflffifflm
QQQQQQQQ
530, 534, 535, 537, 538, 549, 551, 559,
mmfflmmffiffiffl
911111111115,111., 9151 (1111 9111111) 1957,
166, 167. - 9151 3115111 1951, 14. -
9151 11111111191956-1930, 150, 153,

169, 993, 963, 337, 414, 493, 504, 530,
671, 675. - 111111 (1111 11111111) 1957,
163167. - 9111111 (111111 1111111)
1957,166,167. - 9111111 5111111
1951, 14. - 9111111 51111111111954,
113. - 9111111111 (1111 91111111) 1957,
136, 167. - 9511111111 9111115111 1954,
113. - hospitalarius 11111115 1951,14
- 1111111115111111119111115111 1979,
414. - 1115111) 9111115111 1975, 530. -
1111111111111115 1954,113. - 91151111
1111111 1951, 14. - convenii 5111 ’
1115 115 91111111 1970, 414.

11111111111 1. 11151.

1111111111 (511911111511),9111111, 118,
991.

9111111111 511 1115111151, 11111111, 989.

9111111111 11 91111, 9111111, 347.

3111111111511 5115111151,9111111,176.

111111, 911911.εθ11,913. - 8111151111
680. - 9111111680.

111111, 0111 511 511 1977, 607. - 91111
5111115111 111 511, 1111511 51913111
5119111111, 1959, 9131 0111511111
5111 5111 511, 1111101111 18111111 5111
1191151111, 1964, 997, 3137 1955, 316,
393. - 19513991 1973, 4901 1975,
594. - (5111 (11111115 hon 5111973,
3941 19311680.

111111115111111111111111111151111), 111111.
11111, 111. 9111111, 401.

911111 (111111) nm 1111111111, 91. 111111
1111, 63, 89, 154, 330.

1111111115, 3111191111 1131151111, 1971,
515.

marquardus 1254, 110.

Μ1111111111111111111 1. 111111115111.

1111195111, 111911.πῦ11, 374.

111111911119. ,

911111 (1111111), 131111111111 5111111511,
511. 111119, 396.

11111111 1. 1111111111.

Matevrendes, 1111111111 1930, 671.

9111111111(11111113111111111111),1111115
511 1951-1953, 14, 166, 196, 365, 369.
- 815115, 11115115117953, 196,· 1953,
365. - 31111119 511, (5111191111 in
1015115111, 1973, 693.

9111111111) (Mekelenezche), 91111 511
5111119111 11111111, 911111. 3111151
111111, 111. ῦ911511111, 613, 686.

 

