Bokenberg—ffitcmen 497

Bokenberg 477.

211111111111, 8161111111, 61111111,1111111
11111 2111111111 1111, 21101111 51111111
1251, 141 1261, 244, 245. - 21111111
(2111111, 21111111, 11111111) 1251-1276,
14, 116, 128, 244, 245, 324, 409, 552.
-Μω5ωμωωῃ2ω
- 51111111 111 1276, 5531 1276, 618.

21111111 11111011112111111(8111111111), stt·
&wwaemmmn

Boleken (2111111111111111151111, 1111111.
2111111112) 669.

Β111115, 111111111111111 191111 1271, 432.

2111111111, 1111111111 1111, 6111111111 11
21111111, 1274, 514, 515.

211111, 2111111111 1277, 576, 577.

21111, 1811111111 1111.,211”111111113511ε
mmmmm

Bomwide 1. 11151111,

Bone, 0111111111 1111.1276,618.2111.211111.

Boninchus 268.

Boninghen 1. 2111111111.

2111111, 2116116311, 381.

Bonus,wuglitefflolyunnfffumuns1251117.

21111111 (Βο15111111,Β1111111111), 1111111,
ῧ111111111 1111151111111111, 21111111,
1215, 553. - 6111111 1251-1251, 14,
166,196,218. - 21111111, 11111 &obus
1251, 216.

Βο1111111,Βο13112111,21111115 bun 1257,
166. - 01111111) 111 1252, 591 1266,
344.

Borbenne 1. 21111111.

2111111111, 151111, 511.21111111111111111,415.
1111111111, 0111111111 111 11111111 bon
1256, 160. - 2111111 111 1260, 685.

21111111, 1111111, 511. 5111111, 343, 588.

21111111,21111111111 1261, 285. - 2211111
1111 1279, 664.

Rome, 1111111111 1111 1276, 625.

2111111111, 1111111111 1111, 1111111115,
11111 5111111, 1267, 363.

Romen, 1111111115 gen. 1111 1276, 636.

Borstelo 1. 11111111.

6111511511, 511111 non 1277, 602. -

ί51113111,111111111521111111,21111111, 1276,

21111111, 11111 bun 21111111, 1252, 61.
Bosdincdorpe 1. 1111111111211111111.
Bouderike 1. Boderike.

811151111111111 gen. 1277, 600.
1111, Dea. urtaeuoe 111

Boydeken 11111 Boydekini (Boudekini)
ffimewmssmmmwh
385, 402, 554, 590, 654. - 8111111 1111.
11181112111111, 115 1111111115151111,
1277, 590.

Bfflmfflwffimm.

Boydrika 1. Boderike.

21111111 (8111111111), 21111111 1111 2111111
1111, 1252, 55.

Braclo de 1. 1111111.

2111111, &abt 352. - 11111111111111111111
1267, 349. - 1511111115 1111111111)
1267, 352.

2111111 (de Β1111ο,Β1111111,Β111111), 21111
11111 1111 1111111111 111 1256159. -
2111111111 1111, 5111111111 11111111
111111 1267, 348, 351. - 1111111111,
1111111111111 116 2111111111 1266-1266,
344, 349, 350, 351, 352, 368, 383.

21111111, 1111 1111 1251-1257, 38, 54, 59,
158177. - 1111111111 1261-1264, 244,
mmmmfflmm

Bramecg, 5111111111 111, 1111111116 1111
61. ξ11111111ιθ11111115, 1254, 119.

2111111111, 1111111111 111 1252-1262, 46,
93, 261. - 51111111 1111272465.

2111111111 1. 1. 51116 501.

2111111111, 111. 2111111111111,1111111 20, 201,
2381 11111 5111651111 556, 557, 558.
- 3111111111 117, 505. - 21111111
2111111 11111, 1011111111 111 1161111111
1251, 2ο.

211111111111111111111111 1266-1276,345,
486, 502, 507, 517, 529, 530, 615. -
1111111115, 11111 &nnn 1274, 517.

211111, 1111111115, 1111111111 8111111
1271-1277, 446, 507, 560, 563, 584,
592. - 2111111111, 111111 ι,11111 bein:
1111, 1111111111 11111 5111111111, 11111
3111111, 1277, 580, 584.

211111111111111,1111111 1111 1254, 105. -
1111111 2111111 1111 1260, 234.

Β1211111 1. 11111111.

2111111147. - 111111111 333, 545, 611639.

1111111111, 5111111111 1111 1253, 91. -
51111111 1266, 336. - 5111111111274,
111.

2111111111911111111111 191. - 5121111112
1ΜΜ1

21111111(Β121111), 51111111) 1111 1257,171.
- 21111111111,5111111111111151111116

31

 

