01111111-0110111111. 535

&mmwfflaemffi
(8110111). - 20110111, (11111111111277,
612.

61111111, 81111111 1261, 20.

1100116111111, 8111110101, 0111111,
mmm

011111101111. 0110110111.

01111111 011 61101 1. 0110111111 110 011-
lage.

0111110111) (01101111), 1111111111, 01111.
602. - 01111110111470. - 80001111
249. - 8111111111608. - 8111111
(0111110 1266, 148.

Rieu, 0111110110 011 1267, 347.

0111111010, 01. 0101110111, 01111. 31,
220, 266. - 0111111 110 81111111 262,
423, 469, 666, 671, 660. - 1011111466.
- 0101011111 8111111111 01011111
8011011111 1262, 262. -11111111 8111
11111 2100111 8111 1202, 262) 8111111
8111110 1279, 609. - 1011101111 1111111111
1272, 469.

6111111 (Eiet), 01. 811111οτ011, 192, 231.
- 8111178.

0111111 (11111), 11011110 011 1260, 2261
1276, 626.

1111110111, 2116111811, 160, 404, 406.

1111110111 (01101111, 0110011110, Reyt-
berg, 001001), 10111 011 1270, 673.
- 01111 011110, 111111 811011 010
811001101111111116 11 81111111,1261
-1275, 4, 23, 169, 160, 216, 223, 266,
mmmmmmffiffi
491028. - 801, (11111111, 116 0111
1111011 11111111 1262, 2631 1276, 497.
- 1111011111, 611110, 8111, 611111,
81111111, 11111 801111 (1204, 294);
0111 11110101 011 1111110111 110 1111111
mwfflmfflmmm
294, 313, 392, 394, 404, 406, 408, 409,
418, 442, 462, 487, 497, 498, 649, 666,
664, 697, 603, 607, 611, 628, 667. -—
1111110, 811111 0111 &t 2011111 11
81011111 110 011 8001111101, 0111
81111111 011 8211011111 1. 01011111,
100010111111 11ιο 821101011- 8111,
1011111111 11 20011111, 81111111, 0111
811011111111 11 1010110111, 811111
011 8110111, 0111 8111111111 110
111111 81111111 11 1110110111, 1211011111
110 1110110111. -01111111, 81111111

11 1110110111, 0111 8111111111 11
1101101011 1. 1010110111 110 Danaa
01011. - 801, 2111111 010 0111111
011110, 8111111111 011 8111111, 1263,
263. - 81111110111111111111, 016
0111111110111111111, 1209, 404, 406,
408, 4091 1273, 4971 110 0111111111
1111111 1277, 603. - 8111, 1111110,
811111, 1111101111, 81110110, 8111111,
1111011116 01101112614061 12714971
1277, 603. - 11111111 (domicellus)
911110 011 1260, 676.

111110111, 1111116111 911111 0111101266,
160. - 1111111111 81111111 1269, 404, 406.
- 8111111 011 1101111111 1111011 1011111
11111 1273, 497.

01010111, 8111111111 294.

01111, 61101 634.

0111101101111111 0111 1276, 634.

01010111 1. 00110111.

01111 (Dives) (0111111, 80111111 81011111,
zmmmm

Rikelinctorpe‚ 2111110 011, 1111111111
mfflfflma

Rimeslo 1. 0111116110.

0111111 (01111111), 111. 0111110111, 696.

6111111, 11111111) 011, 801111 110 6110111
111 80110100, 1266-1279, 346, 603,
mmfflmffl

1011110111 (Ringelenberg) 193.

0111111101, 01111111 011, 8111111110 110
0111, 11111 2011111 110 8111111111, 1273,
467.

01111111, 81111111 1263, 2741 1266, 318.

0110111411.

0111111011, 2111111016 0111 1205, 326, -
01111110 011, 801111 11 8011011111,
mmmmmfflm-
81011116, 1111 811011, 801111 1180111
01011, 1271, 4361 1274, 607 (1011101111 J
ww

011110111, 11101111 1111111 1273, 4871
1279, 600, 811. 0111011.

11111, 1110111 110 11111111 011 11011111
1111111 1275, 6361 1276, 616.

0111, 81111, (01110111 (81111) in marka
0111), 0111111, 01. 8111111101, 76.

0111, 11011111 de, (1111110111 0118111111
1273, 473.

01001111681101101 1161111111, 01111. ,
81111, 664.

 

