10το15010-101101001. 503

5111015011, 0610050015)οτ 511011.
Friso, 2511110101, 0000510110 101011.
9311. 91015011.
111101011010011 10 8111105001.
1101101101εο5εο 0000000510000511011.
9101100100, 501011 10 Mna.
11050000, 06101501110101 51011,
9011, 50011151, 0000500500 111011.
9000021001οΜ 0000000510001501011.
91105011, 19111000 000, 080050101οτ
511011. 9101111100.
9100030110110000511, 1100115101 591011.
805011 (0011000911011101505), temen:
5011111101 501011.
8110110060111015000, 0105001110160101 .
Folle, 101011 1080051010, 91. 19100001.
Quaterlant, 1101101001, 0005111150
191011.

01101001101102101015, [1000151091011.
&weber (000 01050101 obet 000
2111511101 9), 0000510001 501011.

5111111015, 0150050111501 501011.
511011, 50101161, 0000515011 111011.
9101011101, 1100501150 101011.
9010110001, 015711151οτ 590011.

9010110111 (1710050110), 00111501105150,
110. 1101005015, 70, 190.

Duc, 3011000 gemunt 1207, 354.

1005101, 2501101 000 1205, 324.

11001011αο0 (001115001191101210100,
stt. 5011015106, 94.

§mingens 611010 005 91000410.

500100111101110110), stt. 1101Ιί015010,
91οτ01015 000, 910τί101, 1251, 16 5
1251, 49.

50111101, 5000105, 9105050 005 1105010100,
1001000101, 1257,170. - 9105050
1201, 391.

5710111 (00010), 91. 2101100011 467.

Dugertlen 1. 5900007500.

Dukinghusen 1. 9755117ῃῇ005.

1000101501, &etnam 0003011000 000,
9107510, 1252, 63. - heinrich 005
{florentini} 000, 9115501, 1280, 688.

5100111, 2101010, 100 500010900051101,
1205, 326) 0000510001 01115110 1279,
642.

Dunptincthorpe 1. 9051015011.

Durse, 1101 1259, 221.

Dusinc 1. 59111109.

Dute, 11011000 000 1277, 000.

Duth, Dtto 000 1252, 55.
muttum (Duttinchusen) 91101. 190100
5011, 409. ·
5000101501(00110110010110) 501290110οι
51101 59, 60, 158.
100010150111011510 000 1250, 158.
100011 (Diabolus), 2100015 1100001 1271,
434, 447. -· 2110101015 1208, 387.
Duvelescop, 5100111] 1270, 550.
Duzhorne 1. 5911511001.
0101011010, 1101000 1258197.
1110101,9110001280,673,674. - 01011015
1280, 673. 5119105000.
1)νο1100011), 51015075 1277, 592. 9101.
Dvereg.
0010110111), 11100000 000 1280, 686.

Ε..

Ε55001110110101. 9155109501.

5550510 (Ebdislo) 511 2111101015 409.

Ecbertus quondam cocus 505 51151018 000
ὓο005105,191010,1010οῧ100,1277,588.

1105011011 rector scholarum, canonicus 10
2505005106, 1278, 623.

10111ο110,905011 000 1205, 322.

5010111, 91015015 000 1280, 679, 689.

Ederen 1. 511700.

5501100100, 1101005 000 1272, 4621
1211, 012 ; 1200, 085.

(10011101, 5151 gu 253.

1111101110 1. 1111100.

515011, 501011, 1254, 108.

505011 005 1500151011, 0110501, 1201, 241.

(51510111οΡο11-0111οθ000515111252,44.

ngordingdorpe 249. - ffinlyann, 9110οι
100150101110191000, 51501110, 11110
010101, 1111, 110.

511100 (1000101), 111101. 90010101481.

6101050100110100 505Ηο1011001, 1253, 68.

5111οτ(1111101011111010101111101100),9170015

. 1111.,1Ξ105101111011012005106 1271, ,

4361 1272154. - 2111010110, 05005
5101101 91111101 1270-1280, 423, 488,
493, 500, 589, 602, 011, 013, 046, 073,
074, 010 05515110 507, 015, 042. -
Antiquus Eifelarius 1278, 617.

5011100οε550 102.

1011101501 429.

1011000011, Smetri& 000 1252, 63.

 

