492 2111111111-2111111.

2111111111, 11151111111111, 111111.. 40,
533, 669.

11111111111111(211111111111112),11111111 ¹

111 1252, 54. - 11111111, 11116111,
1252, 54.

2111111, 1111111) 6111 111 1279, 653.

2111111, 29111111 1111111111 1277, 606.

21111111, 1111111111 111 211111, 21. 11111111
11111, 1279, 661.

1111111111. 1111111111.

11111111, 2911111 111 1273, 481. -

2111111111 (1111111111, 11111111), 111.
31111111, 6111111111 111 1257, 171,
181,182.- 11111111 11111111111111,
1257, 181, 182.

2111111, (1111 9111 111, 1511111 111
1111111 1111111111 111 1111111111259,
213.

2111111111 (Oldenberge) 111 1111111111,
2111112111, 391.

2111111111, 2111111 111 1269, 391.

2111111111111 191.

211111111111101111111111) 111 2111111321,
519.

2111111111, 2111 1111 1277, 694.

1111111111 111 1111111 495.

111111111111111 (1111111111111), 111
111 61111, (11111111 1111111111, 2, 126,
fflm

Amerkorn‚ 911111 1277, 609.

911111111111111111) 111 81111111,
2111111 111 1251, 2. - (11111111 111
1279, 422.

211111121111121111, 119,·140, 151, 229,
232.

Ancheim 1. 2111111.

2111111111 111 1111111, 111. 211111, 353.

1111111(111111), 91111. 1111111111, 91.
Qmffifflmmmm
661.

1111111111, &thes 221.

Angara 1. 11111.

Angara, 61111111 1111256162.

Ange, 11111111, 21111111 11111 11111,
1268, 385.

21111111 (1111111111, Anchem, Anghem» 121.
1111111111, (1111 to der Hake 941
11111111 1111111 444) 511111. 1111211111
35, 94, 295, 296, 566, 633, 653, 613,
614. (5111 604, 605, 633. - 11111111
211111 1278, 636. - 1111111111

2111111111 11111111 111 11111111
12711636.
2111111 (1111111),2111111, 2111111111, 11111
11111, 1211, 662. ·
Anrepe 1. 2111111.
211111, 91111. 211111, 111. 2111111111, 438.
211111, 11111111 111 1251, 15.
1111111112, 11111111112311111, (125111.
211111111111 111, (51111111111511
11111 111 15111111, 1271, 426. -
1111111 111 31111111 111 1275, 525,

526, 521. ·
21111111111111),1ζ111111 111 1258, 194.
911111111111111, 111. 1111111, pincerna

coloniensis, 1251, 19.

Aren, 11111111) 111 1267, 364.
11111111, 11111111, 1111111 1111 1252-
125159, 158. - 1111111111 111 1263

214.

2111111, 11111111 (11111111 1. 2611112),
125158.

2111111, 11111111 in ὒ11111111, 1263, 216.

211111111111 11 1511111 111 2111111 426.
441.

21112111 521536. - 51111111 528, 1. 1.
11111111111111.-1111111111 6111111
1271536.

11121111, (1111111111 528691. - (1111
(11111111 111 1263-1276, 286, 341,
mfflwoefflmmmss
111 1. ἲς. 1276, 553. - (1111 2111111
1. 8. 12711618.

2111121111, 211111 11111111 1279, 618.

2111111111, 111, 1. 1112111111, 1211111111.

21111111115111111111 111 1279, 655.

2111111, 91111. 2111111, 21. 111111, 162.

11111, 2111111 111 1268, 365.

Aspalanus, Aspelanus, 1111111111 23111111
111161111111111,1. 111 1111111.

21111111111111111111 1265-1279,328,
363, 422, 446, 454, 561), 563, 569, 588,
589, 692, 615, 646.

21111111 11 11181111111111111 91.

9111111, 2112119311, 84, 114.

21111111 (11111111111111111) 11111111 111
2511111111, 9111 1111111111, 416,
496, 518, 519.

2111111(Α11111111111, 21111. mmmmm
111 51111121. 6111111111, 453.

21111411] (11111111, 1111111111. ὓ21111111,
3111111111 1251119. - &armat

 

