0111616111-0616116111. 531

0116611111, 91. 111611, 65, 281.

0116616116, 06161111 666 1262, 258. -
01611 (06610611) 666 12511161 1269,
4091 1276, 552. -— 0616666, 1116 06111
1276, 552. - 0111111116 666 1269, 411.

0616111610 1. 11616161.

01161 (0610116), 0611611611161 066166,

91. 1061661611, 06611 6661269, 409.’

0116116191111.0111611611616910611661
11111, 398, 399, 522.

01161611, 01611, 25, 26, 21.

0616116116161 91111. 816166, 91. 0111166
1611, 91.

0016110166, 0111, 658.

01161611616, 91111, 91. 01101016, 210,
mm

01111166 1Ηο616116), 0116611111, 541.

0111161116, 0616. 011611, 11611 11616166,
660.

0116161166, 01161161 666 1257, 181, 182.

0616166116, 0616111116 1. 01161611.

0116111611(001611666661) 161 91. 661166

01161616 (Ηο6161101116, 0616110116), 91111.
016166, 91. 0616611111, 30, 81.

0111661 1. 0116.

0111116666, rivulus 406.

01116116 (0611616),061,10111 161 016161,

061101, 91111. 06101116111611166, 91.
011116, 343.

0111611, 91111. 0111611116, 91. 061166»
11111, 533.

mwmmmm

0610116 1. 0116.

Ostra (0116161611) 161 91. 061116, 91.
0611661611, 420.

0611161611 1. 0111111166.

01161161 advocatus 1252, 53.

0110, sacerdos 1279, 669.

0616610101 1. 0106611111.

0111116611, 01166, 65.

0666161183.

01661611, 011161 666, 1666661 061,
6166116116, 16161 &tuuf 06161111, 01111
1611, 01666, 111666, 1111 916161, 1253,

0666116 1. 01611.

0160161, 01611161 166 1256146.

0161111116 1. 0116161116.

01616, 0116 16 114.

0611161, 0111 16 011166, 91. 1111111, 281.

0161611611611 1. 0111606166.

01611601, 91. 01111611, 646.

06666161616116 16 0166116, 91. 0161666
1611, 331.

066, 2111611 666 1289, 686.

01116, 0116611111, 55, 110. - 016116
01661111 1261, 300.

01116, 116166 666, 01116 16 01661111,
mwmffi

1².

066161, 0611616 116. 1278, 623.
1161611616, 01611, 6, 118, 450, 628.
1161611616, 01111 661 0111611, 254, 381,
mm
1161616111,01111111; 0111161 016166 1611
161 81111, 01616 161 (1161111111
01161611 1254-1277, 113,140,159,
ffimmmmwm
memmmffl
61166111611666111161591010016116
(avunculus) 169 01111616 906161 6011
06661111).
0111161 (6166 2166166) 608.
0111161 0116 6611 01111161, 011116 111
011116119611161666061161111,1279,
061616116111111111161 916166 06161111,
9116161661 161 91611610611611, 1276,
564.
06161616, 0616161011, 115, 591.
06161616,06611161110616111112612181
1272, 450. - 0061116111 0116 0161
666 01161111, 016161 161 01111611
966161 666 01661101, 1276-1278,
fflQOfflmffiwwfflm

’ 666 1161111616.

1161611616, 0616116666 0116 0161166
01161161 1269, 4091 1271, 442.

1161611616, 06611111 1111611111 1256158.
- 0661161 0116 01161 6611 0116161
1262, 2631 1101, 2941 1100, 404, 405.
011161 0616116111 661 0111161. -
06161611 06111666 0161 666 01161161
1273, 491, 498. - 06161111 01611116
0111661 1275, 530.

1161111616, 9161161 01. 011111 123. -
016111 06161611 1251, 123.

34*

 

