1111111111-11611. 545

Versmule 1. 1311611616.

Verwinchusen, 1661116116 6611 1261, 249.

1111111116

116111, 111116611Η16611 111 1277, 590.

1116116616 (1111116111), 9116616 125392)
1151, 111, 111) 1161111.

19111161 (Pinguis), 6111116111 1252, 63)

. 1151, 111, 113) 1156, 146.

Veylage 1. 1111611661.

1111111661), (11. 1111111116, 608.

1116661. 1111111.

116111, de (. 1961161616.

116116, 01161. 9116111611, 3121611116611,

1111111 (116111, vinco), 61111116), 10161( 661
6661166111,1264,113. - 61161116,
661611 616 6116616111 11116616 1111116
1151, 166, 111, 111, 1161, 116. -
1111111111), 161611 1270, 416. - 6111111111
1256-1270, 162, 199, 289, 308, 328,
ffifflfflffimfflmm
530, 660, 663, 669, 689, 603, 616, 646.
- 66116616 1263, 214. - 1270, 422.

1111111(1111611111,111111111), 01161. 11111111
11111111 im 6611111, 463, 621, 663, 684.

1111111, 1116116616 661 1261, 260. -
(616111 661 1280, 684.

1111116616, (616( 1111111111) 6611 1262, 66.

1516611, 81111( 13111116, 1111611218.

1119611 (1116111111111161111), 1611611661
6611, §burget 111 1161661111, 1266 11116
1278 6616111, 1266-1270, 333 (1 66111
8111611111) 346, 436, 602, 612, 616,

111111, 11111116 6611 1260, 226.

131 1311, 111. 166611161ίὶ11, 146, 214.

(61. 1111, 16161111 13111116 1253, 68) 1266,
146) 1151, 191, 1166, 339.

66. 1111, (6111116611 6611 1263, 68.

11111166, 91116(1.εὓ11, 180, 311, 312, 682.

Vithelbalg (. 6116116616.

1161616116( (Vitinchoven), (1116116) 6611
1256169) 1262, 266. - 6116τί16 616
111161116111611 161611 1261, 244, 246.

Vlechnen Ῐ. (1161111111.

1111111616 (. (11116611.

1161161, (16116116, 361.

mutuo (Vlothowe, Wlotouwe)‚ 31116111
ὓτῐ, 494.

1116166, 0116113116 6611 6661166116 1252,
66.

1161, 11611. 1111111116 ΙΙΙ.

Vogedin, 61911116 1111161111 1277, 693.

Vogeth, (1611166 1276, 660.

1161116111 111 9111111 1274, 622.

1611611111(161161111),161111111, 1111161611
6616111161156) 1116, 666. -1166611
1116, 616.

16111111, 66116116, 690.

1611111166 409.

1661166116, (6161111 01161. 61111611, 61.
11166111, 600.

6661161111, 11110111ὓ16, 362.

11611161(11111(1611111111161, Volmezstiene)‚
1116611 6611 1275, 634. - 66111661
1278, 621) 1280, 684. - 66116111
16111τί16 6611 1256193. - 66116616
f. ὓ611661611, 1161111111.

6611111116 (6611 111161) 1254,111.

1161611111,36661111,1161111(11Ο61661011,
1151, 36.

1161116611 (111116) 319.

11661661(161116), 611. 6111166161, 311111.
444. - 661611116161601161611161
16116616, 111116, (1111111111, 61616111 6611
161111, ὓ1666116, 316661) 6611 11616116,
1111111111), 16116616, 1161161111, 11111616
Parvus, 31616111, 36661111 11661111 1271,
444. - 66161111 1111111111] 1271, 444.

Voogdorpe 1. ῧ61111611.

161116 409.

vome, 361111, 6111111161669111111661
61611. (616116661161111161111 1666111,
01661661, 11111116), 2111111616, 2111111616
1176, 656.

Vordinohusen Ῐ. Wordinchusen.

6611661161 61( 6661166116 426.

6611116661 (6611616161), 11111111 6611
1261, 13, 19) 1252, 69. - 1616111 6611
1261, 243.

1611616111, 6161 111 1611611, 6111111111
611111, 488.

1161111161 J. 1166111111.

1166611161, 11166116 6611 1280, 680.

1611116116, 1611111111 6111611111 1276, 661.

Vortlage, 6161111116 6611 1277, 699.

5661661611), grtebtidy 1264-1279, 308, .
601, 636, 660. - 6116616 1251-1274,
9, 10, 289, 308, 328, 422, 423, 603,
561. - 61666111 1151-1176, 55, 211,
416, 669. - 36661111, 6111116116. 111116
116), 66166, 1116611,1267,181,182. -

01116616 6116 611 16166113Ξ11111616 11116

 

