548 · 484444-2844444444444.

444444 444, 445, 455, 444.

2844444, ῶ441444444444444 448 84444443 8844444
44444 9444444 844444444444, 1253, 86.

4844444 44444 (04444444, 4444444444 44444 Qut:
4444, 444444. 8444444444, 4444444444, 844444,
44444444, 2844444, 84444444, 64444444,
4444 9444444, 1280, 675.

284444444444444844444144444),444444844444444,
84. 84444444, 166, 167.

48444444 (Westdorpe), 444444. 84444, 414.
8844444444ῡά, 655.

Westenhorst 4. 2844444444.

4844144444444448414444444414444),4444844444,
441, 648.

4844444444, 94444. 28444444444444, iit.
8444444444, 343.

4844444444 444 8844444444 27.

284444444444444, 444. 8444444444, 343, 398,
399, 626, 631, 632, 649.

Westerem 4. 8844444611.

48444444444444, (3444444444 84444444, 444444
344444444444, 541.

4474444444, 4444 4444 444444. 9444444444, 94.
8464444444, 31, 520.

Westerheim, Westerhem 4. 4844444144 44444
4844444444.

8844444444, 44444444 361.

4744444446), (4444444444 4444 (44444 1257),
186.

Westerrothe (28444444444444), 8444444444
4444 1264, 308.

4844444444, 44444444444444 444 484444444444
444 8444444444, 4444444 44444 4444444444,
ηηΜΜΜΜΜΜ
541, 586.

484444444444, 8444444 244444 1251, 41. -
8444444 43444444 1277, 578, 586.

884444444444444, (44444444 2844444444 4444
4454-4444, 4, 45, 49, 134, 154, 196,
195, 246, 250, 269, 383, 384, 437, 554.

48444444444444, 04444444 4444, 04444444, 444444
444444, 04444444, 4444444444, 2444444444,

9444444444, 844444, (4444, 444444 44444444,

1271, 429. - 2844444444, (4444444444
84444443, 444444, 84444444, 4444 44444444,
4444, 449.
Qmfflmmmffi
4844444444, 444444. 8444444, 444. 4844444444,
409.
Weetorpe 4. 2844144444.
1744441444, 44444 144 84444414444444 495.

9844444444 (4244444494, Wesierheim), 4444
444 2444444, 66, 76, 265.

2844444444 (8444444444, 4944444444), 244444.
44444444, 94. 3444444444, 280, 572, 573.

28444444 (4844444444), stt. ffietienhrflti,
145, 273, 585.

48444444 (8744144444), 8444444444 ὓ444444,
24444. &i 44444444444884444444, 548.

Wetere 4. 4844444.

Wethele 4. Wedhele.

Wethendorpe 319.

2844444 (wetere), 444444. 84444, 444. 9444444,
363, 393.

4844444 (wetere), 44444τί44 4444 1252, 55.

4848444444, 94. etinfert! 457.

wevelingthorpe, 4844444444 4444 1266, 344.

44444441048444 444 8444444 444 4444444444
572, 573.

4744441414-44444 444 Wedhele 530.

Wieherdinehusen 416.

28144444, 84444 444 8444444444 1251, 1, ”li
1253, 87 4 1258, 202,- 8444444344, 444444
6441444444, 1258, 202.

2844444444, 844444 444 8344444444, 1266,
331. 8441444414 44444 2444444.

48444, 844444 4441263279.

widikindus 44. 2844444444444442), 4844444
4454, 462.

2844444444, &tuit 44444 mitem& 103,
QQQfflmffimm
339, 445, 029.

4844444444, 8444444 4. 444444, Vunsterpe.

4844444446, (4444 Henninchus 153. -
4441844444 Holeeti 339.

4844444446, 4444444 378, 534. 1

8844444444, 8444444 146. - 94444444 4444
444444 1254, 1164 1255128- 94444444
4444444444 1256, 146. - 94444444 34444444
12541664 1258197. - 94444444 4444444444
4444Η44454144 (1259-1261), 223. -
villicus 44444444 1266, 339.

4844444444, 94444. 414, 504, 536, 549.

4844444444, 944444, 84444, 44444444 201,
214, 238, 242, 439, 458.

484444444444, 4444444444 321. ,

4844444444, 40444444 3444444444 1253, 684
1264, 3394 1464, 3194 1241, 4394 4442,
458. - 8444444444 4444444444 1262,
2554 1444, 2944 4444, 3394 1444, 459.
- (4444444444 4444444444 1272, 458. -
6444444444444 844444, 44444444 4444 &t

 

