498 Β1155-95551.

5511 9111555151, 1271-1275, 496, 431,
439, 595, 596, 591. - 81551155 555
1275, 595, 596.

’ Bries, 91151. 95155515, 111. 55115, 461.

911155 175.

Brinchusen 409.

9111115, 9115191151, 91. 9555511111, 110.
9111115111. 55115 451.

911515, 1511111155 5. 5. 1252, 54.
Brochove‚ 9115 5511 1259, 391.

9155151555 (Brugterbeke, Brutterbike),
91. 9551555111501115515 5511 1251-
1253, 15, 161, 171,195, 919. - 955155
5511 1251-1255, 9, 15, 99, 46, 69, 93,
134, 160, 165162, 174, 195, 907, 908,
919, 913, 946, 306396. - 9555155159,
15151 111511, 1257, 174, 1255, 396. -
91551515, 15155 9555111, &rau 515 51155
5511551115, 1255919. - 91155155 555,
515 155155511151515191511 (15551 15551115
5111 955511) 1251-1251, 15, 996, 946 ,
55551151151151511555 1275, 554, 1277,
595. - 8115511555, 51515511555151551
91511 (15551 15551115 5111 85551115)
1251-1258, 49, 93, 169, 195, 5555
115115515155111551255-1277, 134, 186,
384,441,476,599. - 955515, 955155,
1519555, 111551515151511555111, 1251,
946. - 11511155 1279, 559.

Β155111111511 1. 9555555155.

9151151555 511 91551511, 91. 5111515, 668.

9155111155 (9155551555), 91. 9555511111,
55151555 555 1257,111. - 01515515
555 1277, 599, 1278, 619.

Β15115 1. 911155.

Bromestorpe 1. 9151511155.

Β151115115511, 91151515 1273, 487.

Brotrump, 5151515115 1267, 347.

Β15115, 55151115 555 1278, 618.

91555 (Broke) 551 1015115, 55515511
95115515 5511 1252-1235,55,193,939.

9151555515513155115555),911512111551155,
91. 951151151511,554.

9515555155, 8151115111 5555, 91115119.
434, 447, 448, 449, 48].

9155555155, 9515515555 441.

91555551511,155515511511 5511, (5511115511
1275, 553. - 55111115 1251, 37. -
11551155, 191511, 1252, 59.

9511555555, 55151155 555, 9111551 15
9555511111, 1258, 196, 1254, 310.

Brugterbeke 1. 9151515551.

Brumerinc, 911155 1271, 435.

Brumlage 1. 91551151.

91515151 (3111151555), 91151. 9115155515,
91. 9561555515, 911, 469, 5155 9551111
555 15155 35555515 55151511 901, 908.

31115155158551155 555, 91111151 15 95
55511111, 1271-1275, 436, 431, 414,
1115 9155115 501, 599, 530.

91555510155115555,9511155 5511,1258,197.

Β1115515, Β155515, 1115515, 9111551 15
1151115, 1254, 117 , 1255, 155. -115
5555 1235, 344, 9111511 15 351115
1273, 473 , 35555111155551111115,95111
1155 9555 1275, 569. - 1155555 1273,

3151155951. 9155151551.

955, 9151551555, 99111155 555 91115555
55115551 955, 9555511 11115 9115115115,
1515 1555551273, 500.

91115, 5515115 555. 1273, 500.

91111 (Β55,Β5511,Β11511, Hiram, Imus),
1115511 1515 91551155, 9111511, 1251-
1272, 34, 54, 69, 155, 166, 199, 331,
356, 419, 5511115551 95555555 1258,
388, 1275, 563, 569, 1278, 691. -
955151 1257, 361, 1272, 451. - 9115
15515 1275, 569, 1278, 691. - 01115515
555 951155, 15155 111511 1273, 499. -
9551111 555 0111151511 555. 9511, 515
51551151515511155, 55151115911155515,
1511551 11115 115555, 151115 915551 1253,
83, 5511515551 1951151 1272, 456.

Buckeslo 1. 911151.

8511511115 1. 8511511115.

’ 911555 (Budde, Buddo), 0155115511 1252,

46. - 51151555 1251, 40, 1255110,
1258199. - 855155, 5115551155, 151115
111511, 51151555, 1115 9555, 1253, 69,
5111515551 3555511 1251, 49 , 1257,177.
- 91115515 11115 81115511, 9111511, 1251,
99, (11515 12571186, 1279, 656. -
5115515515 81115511 1251, 9, 49, 1252,
551, 1511555, 12151511- 515155,
15155 &tau 1254, 998. - 5511115151
15515515 1254, 998. - 95515511 1251-
1277, 15, 99, 63, 100, 169, 168, 169,
195, 919, 946, 960, 964, 985, 306, 361,
384, 385, 441, 554, 599. - 8111115111
555 0151515511, 1115 9555 1275581.
- 81515111 555 (5551151111, 1515 955551,

 

