Espelo-gssthtotf. 505

Espelo, 5555555515 51515 555 0115
55555555 511 θ35555111, 1, 386, 580.

Espelo 1. 5. (51511.

Espelo, 5555555 555 1259, 206.

Espelon, 01115515 5551255206.

01115 5. 5. 91, &titt 232, 256. - 915555
1555515 1278, 637.

(51155, 2551 85515515,19755535555516
1279, 665.

(5155, 10551555 555, 5555551651 29115
55, 01151555, 81155155 15 θ55155ι
55151, 555 211555, 5555515115 §Buram
§eine 855551, &nehem 5655551015
1155515515115555, 0551555519 555
21155516, &tau 555 251555 2115558,
1271, 436.

1655558555 555, 5511118555 15 2011555
55151, 1278, 623.

Esteringe, Esterynck 1. 01515555.

Esterwede 1. 5115555555.

&hermogen (Esterwede), 95. 5155511155,
355555551555151, 96.

51515515 (Εεῐετὶηςο,11915155511), 97151.
915515, 168, 212, 501.

Ethelincdorpe 101.

Eversen (0551155 15ὓ15555ι552), 8⁰²
1155556555 1275, 525, 526, 527. -
19111515 555. 7555551515, 15155515,
1275, 526.

Eyfelere‚ Eyflarius Ῐ. (911115.

51551, 55555), 111555 15 &burg 1273,

Eysen, 85555556 555 7651555555 1271,
434.

Ezchelage 1. 561551.

F. 55. v.

Faber, 0155555, 5550515555, 11155515
215555, 1273, 473.

Faber, 65555555, 155 5556 15 ῡ655ε
5515, 1265, 326.

Faber, 1555555161 915515, 20555 555
0155555,11155<55551, 15 9115515, 1271,
515, 516.

Ἑ5γε551551151,ξ151 510 91511259 (51515511,
133.

ῧ55510055551515) 55 2955553155 458.

Fecta 1. 915515.

1151115559), 955559 1277, 599.

951555, 55555515, 9155581555 1511115515,
1271, 515.

Flamyneh, 1055555515 1277, 590.

13151551,0151155,ῧι“551551ι55. 10515511, 170.

fflechum (91551515591551111555,91536555),
91151. 5515111555, 280, 572, 573.

7115555, &ormana 555 1276, 572, 573.

Fleckescilt, 1111151555 1260, 225.

51151155, 255555, 9151531515 1511115515,
1271, 515.

&intrav (Vrilinctlorpe), 15151. &testem
55111, 91. 2055155511, 409.

Flos ἱ. 1115151 555 θ65555111, 5055555.

Foro, 015515 ‹le 1268, 865. 1151. mna:
55151, 5155515.

&tanheim 230.

&angnia 51115115 1262, 261.

5555555511, 05. 2955155557, 015155,
215555 55555 1252, 258, 1255, 320
-115517158555 1286, 690. - 50111551
2151515 1265, 320. - 21115115 um
boivitult &unns 05515155, 5551555
1255, 325.

9551555511, 9155515 555 1262, 258. -
855555 555 1251, 113) 1255, 133.

ῧ1155555, soror conversa 1251, 28.

2351555555 (71555555155),91115555, 55,

,2511155555 (7555555125 &nevath 555
151, 651.

ῧ515555, &timibet 558 0155115 555
9155556555, 1263, 289.

93555555, &obn 3555558, 1269, 391.

75555115 ..... , 5515155551555 211155
155151 (555 12575186.

ῧ51161555 600.

Friso, 055555 1275, 525, 527.

Prien, Qtto 1256-1267, 162, 185, 283,
308, 364.

915519055551555552551155625115516
555 ὓ65555111, 1279, 617, 649. 2951.
815555.

2355155 309. - 1955511 555 2155551
1251, 36.

6555515555, stt. 5555, 8151115480.

ῧτ555551551,2155551015555 555 1261,
309.

2555551515, 10115115 555, 11551 516 35
555556 555 Ενετεειι, 1275, 526.

ῧ1515511 (75555555), Str. 2055555511,
0151551 555 515555 15, 1269, 409.

 

