524 2111111-’θ111111111111

1111111, 11111111 11 θ111111111336.

1111111,111111.ιῦ11, 121130, 131.

11111111 (Ν11111, Nihem), 11111111 111
1111111111111111111111111110111,
1276, 414, 4215 1275, 536. - 11111111
non 1111, 680. ’

1111111111, 811111 bun 1253, 86.

Nemore, (1111111111ῐῖ de 1276, 549. -
11111111) 1269, 404, 405.

21111111 (Neynthorpe), 1111111 1911111110
1271, 511) 1271, 650.

Ν111111, 111111 111111125311.

Ν111111111, 311111 1111111 111, frater
de ordine minorum 1276, 563.

11111, 11111111 2111111111 gu 341. .

· 11111, 21111118 111 1261341.

1111111111 (novus pistor), 3111111111
, 1111 11 1111111, 1274, 515.
1111111111 1. 11111111.

111111111τὶ1 (Heriem), 111. 19111111, 211:

« 1111 111 1256, 159.

1111111111111 bei 2111111 65, 662. - 111
1111 111 11111 60111 311110 111
11111111), 11111111 111 (11111 ad puteum,
1279, 662.

111111111111 (111 21111111111111111111111,
1111111111 11 11. 811111εῦ1111111,
1113, 281.

1111111111111 1111111111 (Ν111111111 in
Gen), 111111. 621, 653.

1111111111111 111 1111111 (8111111111)
395.

1111111111111111111011011111 150, 214,
223.

1111111111111 (Ν111111111 in Demeborg),
81111 1111111, 18. .

1111111111111111),1111111111111111231.

11111111 (Ν1111111),1111111 1111111111,
111111. (111111, 635.

Ν11111οη111. 1111111111.

Nibolle, 1111111, 11111111181111, 1278,
621. ’

. Ν1111111, dominus 1269, 394, 395.

111111111111111811111111 1. Boydeken.

Ν111111111111111113111111111,1280,686. ⁵

Niderlo, 211111 bon 1269, 402.

1111111111, 61101, fir. 111111, 628.

1111111 (1111111111), 1111111.ὓ11110111,111.
1111111111, 593.

- 11111111 1. 12. hei 11111111 (Novum

Castrum, Novum Castellum), 1111111111

bon 1269, 4091 1271, 443) 1277, 516,

511, 193-111111111 bon 1277, 516, 511.

11111111, 1111111 111 1271, 4411 1178,
481. ⁴

1111111111. 11111118. .

111111111111. 2111111111.

Niger, 111111 1254,112,113; 1265, 324.

11111111 1. 11111111. .

Ninno, 1111111111 11 31111, 1251111.

11111, 11111111, 590.

111111, 111. 81111, 31, 428.

Non 1. 111111.

1111111111 1. 1111111111.

1111111111111. 1111111111111.

1111111111111111111280. - 1111111 1111111
111 19111111 111111 1263, 280.

1111111111, 31111. (1111111111, 365. -

1111111111,111111.811111111811111111133.

Ν11111ο11 (11119111111111111) 451.

’ 1111111111 (Nordrethe) 101.

1111111111, 111. 111111111321.

11111111111111111111), 1111111111 111111,
1. 2111111111, 1911111111. - 11111111
111 11111111) 1269, 409.

Nortberg, Nortbergen 1. 1111111111.

11111511111111 1. 1111111111111.

Northdorpe 1. mortum. ·

11111111 (1111111111, 1111111111), 111111.
1111111, 311111 111 21111111, 18111111,

’ 311111 11 11111111,1251,2911211,

101 1258, 190> (111 1279), 389-31

“ 1111 bon 1260, 235, 2361 1262, 2681

1267, 361- 81111111 111 12511821
1263, 2131 1111278, 411. - 2111111
bon 1251, 29.

Nortwalde apud Rode 221.

Novum Castrum, Novum Castellum 1.
1111111111. ’

Ν1111111111, 311111 1111251131. 811.
Mun'ninehove.

Nutterlo‚ 2111111111 1254, 108.

Nyenhove, 11111111 111 1260, 226.

θ.

1311111111111 (011111111111),11111111111
nnn 1275, 542.

ὓ111111111111,1111111111112111111111,
18111111, 1254,116. - 1111111111
1111 bon 1256, 146.

 

