5111111111-551111. 511

51111111,1111111151111151119111111251, 15.

5111111111, preco, 1254, 113.

51111111, 5111111111 151151, 1252, 46.

5111111111, 1111511 11115111 11 2111111111, 1278,
626.

51111111 115 51111111, 51551111 11
1151151511, 1263, 276.

5111111111 115 1111151115, 11111511, milites,
1211, 391.

51111111 115 2111111115, 9151111515151,
5111111 1151111111, 111111511811115,
1280, 675.

11111111111111), 51111111 1273, 487.

5111111111 5115111112115111511 1251, 5.

51111115111111Η111111111111111), 111111.
1111111111, 91. 1111111111, 422.

Hersem‚ Hersen 1. 5111111.

Hersethehusen, Hersetwihusen 1. 511511
5111111.

Hersleken 1. 51111111.

5111111 (Hersem‚ Hersen), 111111. 51111
mmmmmffi

Herswedehusen 1. 51151511111.

limen, Hermen, 55115115 5111 1260 515
1276, 398, 488, 559.

Hertgert 1.

Herthe 1. 511151.

5111151111, 91. 1515115111, 11111111, 53,
QQQQQQQQ
690.

111111, 111,11111111111111111111
-1270, 53, 113, 320, 414, 421. -
1151111111 (11111115 1280, 690-11111111
51111 1255113. 9111111111 5111111516
1254, 113. - 11111111 2111115 1265, 3201
1270, 414. - 11111111 511151151258,
197. - 11111111 51111111 1280, 690. -
9111111 (15115115 1270, 414) 1280, 690.
- conversi 511115111111551111111
1111411.

51111111 (1111111111), 91. 21111111, 1111151
1115 1151511111 280, 572, 573, 600.

Hescelus 1258, 197.

Hese 1. 511111.

Hesle 1. 511111.

Hesnen 1. 5111111.

51111, 51111111 111. 1279, 664.

5151116115) 11151111151111515511111
15111111 1155111, 91. 5111115116, 92,
453, 576, 577.

511111, 511111 151511511511115,11111111111
11 1555115155, 1266, 339.

Η11111, 5151 185.

Hethe, 2111511115 511 1. ὓ511511111,15111ε
5111.

Hethe, 21111111 5111 1278, 627.

Hethem 1. 515111.

Hethus 1. 51155115.

51111111 511 1151151511 370.

51511111 (Heckengen), 111. Ε511151511,
34, 259.

Hiddeshusen 1. 515511111.

Hiddinchusen 1. 51151151111.

5115151115 1252, 59.

5115111111 domina 11251), 1.

5151151111, 11111111 2111511111111111
410.

fflwmww

511111, 111. 115111, 65.

51151151111 (Hiddinchusen, Hindinc-
husen), 815111 5111 1255,128,· 1256,
&mmm ·

Hingstesdike‚ (5151 1115111111, 111111.
511111, 111. 55111, 686.

5111115111 (Hyndeneberch) 351.

’ Η111111511111 1111 5111 2111111, 111.

2111515111, 1155111, 595.

Η11018 1. 91111.

511115 (Cervus), 11111115 1260, 4021 1274,
520. - 1111111111 51111 51151111,
11111 5151111111 1260, 402.

5155111111 1Η1116111111111), 111. 1111111111,
215, 216.

5151, 55115111 5111111111, 11111 5111
51111111 1. 51111111.

Η11111111111111 1. 5511111.

5151151111, 2112111111, 219.

5151151111, 51111115 115 21111115 5111
1262, 265. - 8115115 1115 5111111111,
11111511, 1263, 275.

551111 (Η111111111111111), 13511501, 511
5111511111, 75.

55111111, 511 511 5551111111, stt.
215115, 594.

55151, 2115111 5111 159.

55151111511111 (Wordinchusen), 91111.
9111511, 91. 15151111, 663.

5511112), 111. 1151151111 1. Home.

551111 (Horste) 511 811111, 51. 11511111
5111, 409.

 

