534 111111115111-01110111111.

Redekenberg 1. 0110110111.

Redincdorpe 1. 0111111111.

01111111 (Rechvelde), 111111111111 011111,
stt. 2011011111, 215, 216.

01111111111111111101), 1111111111) 0111 1259,
215, 216.

21111111 1. 01111101.

Reggering 1. 0111111111.

Regtere 1. 0111111111.

1111111 1. 3111101.
0111110111, 111. 20001111, 16. -— 521th2
0111111110 011 1111111111 1252, 49, 50.
01111111,2111111111111110511111111,1261,247.
0111111110, archiepiscopus Arduiacanus,
(um 1254), 99,

0111111111, 01111110 1271, 429.

0111111110, 1111111 016 5111111111τὸ 11
2011101111, 0011101111, 1200, 230) 1201,
2411 1204, 312.

11111111, 81111111 011, 11111111 1279, 655.

Reme, 11111111 011, 5211111111 1121011111,
1274, 503, 504.

Remen, (0111111111 011, 11111111, 1111111111,
1111151.

11111111,Β1111111111 1. 0111111.

2111111101 1. 1111111101.

Remota Curia (211111111111111111101),
Bruno dictus 01 1280, 690.

9111111(11111111,11111111101),91111.20111111
1110, 01. 1011110111, 337, 414, 421, 497.

21111101 (3111111011), 1111111. 2111, 111.
80111, 137, 281.

Rencinc 409..

Rene, 2110111 011 1254,100, 108.

Rene, Renen, 1111111111 0111 1262, 258 7
1263, 283.

Remu, insula juxta (0111111 1011 11111111,
1111101111 01111111) 561.

0111111111 (Reggering), 91. 1011110111,
0111111, 149, 166, 167, 335, 355, 373,
593, 629.

0111111111111111111111111) 111 2111110111
211111 011111111111111111, 111. 211111,
293, 435.

0111111111 (311111101111), 1111111 011
1253, 68 7 1254, 101. - 1111111110, 211111
11110, 31111111, 01111110, 11111110 0110
0111 (11111110 1110 51111110, 111111 111111
011, 1253, 68.

Repenhorst, 1111110110 1111111111 011
1279, 656. - 1611111110 011 1279, 659.

21101111, 2111511111 1. 01100111.

Bothe 1. 0111101.

2111111131, 0151 (9111111112), 211111.
511111, 111. 1231101111) 231.

1111111111 (0111111111), 111111111111111111,
011111. 211111), 01111111 0111271568.
- 51111111 0111211011111111 00
11011111, 1279, 653. ⁸- 11111111 1279,
64611280685.

Retlage 1. 0111111111.

1111111111,01101111257,181,1821 1274, 501.

Rex, 01115110 11111111 1277, 595.

Reytberg 1. 1111110111.

3111101 (11101, Reide, 111011), 111. 20110110
011111, 116. - 911111 214. - 21111
1111111116 1251, 23. - 2111101111
1254,113. - 1111111111 1111101111 1256,
150.

011101, 1010111 011 1251, 23) 1254, 116.

01111010011111111101, 1110111), 01. 1111111,
5111110111209, 4091 1271, 4351 1276,
626. -3111111, 1111511011521111111 11
01111111, 1161, 2191 1169, 4097 1111,
435. - 11111111 011 1274, 52οῑ 1277,
590. - 11011111 1111254, 1001 1274,

2111111 244, 245, 255, 442.

0111111211), 01. 21011111, 42, 404,
405, 561(1),· 111111. 395, 3961 21111111
279. - 10111111 2011111111 1251, 42.

01111111, 0111111111 011 1261, 247. -
1111111111 011 1206, 335 5 1267, 355. -
81011112614021 11111 10111111 2111111111
011 2011111111 1271, 429.

0111111111 (11111111), 01111. 2111113οο11,
01. 0111111, 1273, 501.

01111111, 1111οἰ111 11111111, 561 (1), 590.

0110111, 2110110111, 61, 514, 515, 516.
-10111111 1111111111 1274, 514, 515. -
1111111111 1111111111 110 0111111111 1274,
515. ·- 1601111 61, 514, 515.

011111, 10111111, 31111111 1110 21111111,
1111 (1501111, 1251, 20.

3111110111 frater 1268, 371.

11111011, 0111111110 1252, 58. 1111. 111111-
bere.

01111110, 011111 10111111 1111111110 110
21111111 00110111, 1274, 519.

0111011τί111 (101111111101110111), &metm
5111111 1110 21110111 111 1191101011,
1272, 462 7 1275, 544 1111101111 010

 

