0666166616-(3615116666.

0661166616,21666166653166161666 1268,

61616616(061166616),36.3065666, wem
666 1266331. - 36166666 1273, 501.
- 3616616), &nnn 566 366666 1273,
501. - 366666 1266331. - 9165656
1272, 456.

Getmunde 1. 01616616.

316663656τὶ1 (616616616661),96.1316666ε
66161, 445.

0166166666166 (0166661166), 3660 ber
8666613611 66616166 bei 1967666, 492.

Geysmelle 1. 0166111616.

Ghude, 3666666, 666166616661336116,
1266, 345.

(666616 (Gymmethe), mnam. 683.

Giseke campanarius 1269, 409.

Giselbertus advocatus, 1811611666, §clu
866566, 1252, 54.

Giselbertus venator 1266, 344. ’

0166661661. (6666665660.
61166566, (0166616666), 06. 36666, 335,
355, 373, 409. - 316636 556, 557.
(61666661, 36661066, 69616666, 2116666 16
mm

011666, 96. 36666, 65, 686. - 3656 que
vocatur ultra rivum 611- 31161. 281.
-991666116656132, - 61166666 2116611166
&weber 1255, 132.

611666, 3666665 666 1266, 278. - {nn
66666 666 1254, 122 , 1276, 569.

Glanthorpe 1. 0116116661.

01166166, 96. 1316666280.

Glosinchem 1. 11111111616166.

(6101666666 (0166166166), {mmmm 666

wfflmwmmffiffi
493, 507, 602, 615. - 19706116 666
1272, 465, 1274, 507, 1278, 615.

0166666666, 19616166 1256, 150.

Godinchusen, 3666 im 36161. 1366665606,
36. 36661665, 65.

0166661 1666166161, nub 36661666.

01666666,οο6666166, 66666666 gen. 1251
-«1257,38, 158, 177, 185, 186.

(1686671116, ῷ6166161, 1265, 318, 1278, 636,
1279, 642. - 3616666 1252,59,1254,
111. — 6161666 1252, 59.

01611666 (06166666), ser. 0160666187.

(360666 (06116166),1)666666 666, 19661166,
187. - 36666666 1. ὓ6666606, 91666
herr.

01666, 16 bet 6666616 030.

6666, amenum 6661251,14.

6161116166, &obn 56620666615666, 1272,
457.

016111616563656 in 91666666 435.

0161661 (06616) hei 69166561, 314, 338.

(16116616061166616, 36616616, 666, 66666
560666 1106666, 1277, 578, 579. -
91061666, itin 1166666 1272, 454, 1277,
578, 579, 1279, 642 (616 &jhm 653.

061161. 0161661.

0166163611, 966666 6669666661116666,
mm

061116611666360661, 9160666, 1261, 241.

016611161166666 in 2161666 bei 86666
mm

Graiss 1. Graz.

Grambergen, 01666665 666, 6666660666
3616176 1266, 345. - betuna] 666
mm

01666666, (0666116666), 116161. mammes
36566 86666616 666 13666616 322.

(megel, 1110661 gen. 1271, 447, 1273,
481.

(3666666660, stt. 6661660666, 160. -
&of 665 1716616 262, 294, 438, 622.

01666660663,3161166 160, 161, 168169,
174, 195, 212, 213, 220, 226, 228, 246,
247, 260, 262, 264, 285, 294, 306, 311,
394, 395, 396, 404, 405, 423, 465, 468,
469, 501, 560, 565, 571, 595, 622, 626,
631, 632, 639, 650, 656. 657, 659, 664,
684, 685.

(6666666663, 91, 11611106 866 1272, 465.

0666066166, 0161116166 666 1269, 394,
395, 397. - 1360616 666 1269, 394,
395.

Grenctorpe 1. (66661666.

(66661666 (0666616666)661 9166606161661
495.

01661616(0616166616), 366666 666 1251,
35, 1253, 94. - 36666666 1273615.

066666, 36161, 36. 1116761166, 635.

Grietezche Ῑ. &retem

01616, 8166615 666 2666666606 6666661,
ww&

6166, 9666666 1266-1276, 337, 414.
550. - 2161166166 1269, 391.

6161506666 (0666116666), 6666166611 bei
3066666661, 3616661), 9166616, &bert

ibidem manentes, 1269, 409.

 

