Atelehorne-Becampe. 493,

bun 1257-1230, 181, 182, 308, 345,
363, 364, 442, 642, 669. - 31110111
111 01111111 1111, 21111111, 1257, 182.
- 31113111, 1511111111, 3111111111,
11111111, 1257, 181. - 1111111 1116
1111111161 1111, 11111511, 1265-1277, 328,
538. - 811111113111111131111111277,
588, - 31111111 111 1274, 5051 1230,
619. - 31110111 b. 11. 1279, 642.

Atelehorne 1. 2101111111.

Auca 1011141611, 01111110 1269, 402.

2111111111 2, 311.

2111111111 (0111111111), 91111. 0113011111,
stt. 2111111111, 633. ’

1311111111.

Autumpnus 1. 1111011.

2111111111, 311116 1111 1276, 549, 564.

2111111131(0111111111)011311111111263.

111111111111 1111 311111. 8110111, 31.

2111111111 111 &Ibe 534, 666. 31112101.

31111111 (31111111), 311111. 31111111, 560.

31111111 1. 21111111.

Β111111 1. 11111111.

Baelo, 1111111111 1111 1267-1272, 361, 451.

3115111111, 3131111101111, 31111. 1115
1311111, 438, 636. - 23111111111111113
1273, 636.

313011111131111(1111111ὓ11111011111161,
1, 203, 251. - ς1311111111131111111251,
1, 6111 111. 0111101116, 5011111111 1110
31111111.

2111011111, 11111111 111, 13111111111ῦ3ε
11311111 1273, 611.

Bake, 01110111, 1267, 361.

31111111Β1111111), 31111 3111111, 343, 391,
426, 441, 459.

31111111Β1111111), 3111111 111 1272, 459.

31111111 (31111111), 01111. (1111111,
1111111111) bon 1262, 258.

Balke, 21111111, (31111110, 111111 31111111,
1111, 413. ,

&Bur (Ursus, Bar, Bare, Ber, Bere» 011111
3111111111 1262, 261. - 31111, 111
1111111111 11111111, 613. - 1111111,
&uque (31111, 1251-1273, 34, 38, 13,
16, 31, 36, 132, 163, 111, 166, 204,
241, 255, 261, 305, 330, 345, 353, 354,

QQQQQQQQ
501, 513, 530, 560, 539, 602, 613615.
- 3111111111,1111111116111111, 1257,163
-61111,311111113 31111, 111116 01111,
1267-1230, 364, 446, 493, 520, 560,
613, 615, 654, 686. - 311111, 11111
1111161510116311131111111261111,
1230, 686. - 31111, 11111111311111311,
1113111 111 111111 1111111111 11111111
111 &tortum 1111111111, 1253’-1271,
16, 199, 204, 215, 261, 269, 303, 322, ’
Qffifflmwfflwm
1111111111 1111111 1273, 432, 433, 4931
1273, 613. - 31111(011111),1111131111
1265, 2691 113 10111111 1273, 483, 493.
- 1111311 311116 613 21.; 1111111311
1111111, 31111110, 0111110111, 01116111,
61111111, 9110111113,131113111 1273, 493.
- 3111111111 1261, 241. -1115111 1273,
488. - 3110111271602. - 311.
ὓ31111111, 1011111111.

Barchusen 1. 3111111111.

Β111111111, &ugo 111 1273, 483.

18111111 (3111111111), 21131111. 1311513 ’
11111111, 541.

31111111111311111151111),3111111110,62.

311111511131111111111111115 3111131111
beth 1252, 62.

Barkeis 409.

3111111111 (Β111111111), 31111 15111111
11111111 (311111310.

3111011111 (Β11151111), stt. 20011111,
631, 688.

3111111111, 11111111 1111 1230, 688.

Β111111,111111111 111 1273, 615.

1111111011 (3111111111), stt. 5011111011,
314, 338. ,

3111111111111111Β1111111111111),6121111111,
91111111 1111111 0111 181.

3111161111 (Β11111111),31111.13111111ι
1111111111, 31. 3111111, 14.

31111111 (811111), 31. 21111, 11111111, 545.

311111 1. 3111111.

3111111111, 11111111 111 1253, 30. -
011111 111 1256-1276, 146) 411, 551.
- 81113111 11111,111111111113111111111
1269,411.-11111111311111111276352.

Baurus, 2111111 1110 1111111 2111111111
110. Dalschem 1269, 401.

Β111111111111311111111), 1111111111 1111
11111 811111, 11111 (51111271491.

 

