496 . Bidigdorpe-fflorel

8161101111. 0111100011·

1111111110, 61101, 344, 510, 581. - 0111014
110111 2111110011 1274, 510.

2111111110, 0110110 110. 011, 1111111111,
01111101 1100 61110011, 11101 1011110

. 1269, 398, 399.

111111, 911111. 010110 1. Β11111.

101111 (Β111),511.0111111011”111, 1801112231.

0111100011 (0011001110111. 0111111, 33.

Bilehem 1. 131110.

Bilekevet, 00011011 1256146.

2110011 111011 1111001111) 100.

Biphem 1. 1110010.

1111111111, 1111111, 91. 1011110οτ011, 29.

01101110111110,10111111 000 1267, 362.

811111, 6111111110, 0601011011 301111,
1278, 626.

0110101001 (011111101111),11111111 0011
11110 111111 10111101 11 Quantae 1265,
326.

Bist 1. 051111.

0111110011, 111.1ζ>611011”111,21111. 54,198.

’211111000101111011 000 1253-1261, 76,
142. - 0111110111 (0111111), 1111 1110011,
1216-1211, 16, 112, 162, 199, 266,
278, 337, 338, 345, 363, 454, 471, 489,
560, 589, 592,653,666,679.-211101110,
1011 6101111111, ι[11111 010 1111111111 0111
01100111, 1262, 256. - 01110100 001,
ς1111110110 1260101011, 1278, 617. -
1111. 1361101110, 5110110111.

011111, 0111110 1264, 308.

1111111000 0101011. 010101.

01111110011181111111110111), 001, 611014
111011111 000 θ1010101127.

011110001113111111111111), 1001101101 001
1262, 259.

3111111111 522.

811111, 311111, 01110111 0110 20101106,
1111160011, 1266, 162. - 20101101
1211, 491.

01101101, (0011011111000 48, 103. -
(00110111Ι 1011101111 001 1252, 46. -
6110160011 011 0011011110 210011 000
1111111110Ι 0111 1253-1267, 65, 75, 76,
102, 207, 208, 219, 265, 206, 274, 275,
281, 356. - 001101001101100,11ε
111001 0001111001), 11011 000 1111011111
1212-1211, 411, 492.

1011011111111, 1111111110 000, 1110110111 10
1111101111, 1269, 409.

Blaene, 01110011 1100 1266, 344.

010011 (811011, 8101), 1011110111 110,
1111111111 0101011111, 1271-1274, 437,
446, 507. - 5111111110, 1110010111 1. Dss:
01011111, 1000111111.

Β111.131111.

10010011 224.

Bocholte, 911111. 1111000111, 0111110111
1111101111, 133.

Boohorne 1. 1001110.

81111011, 01111110 000, 0011111011 111111
graus (01111110 11110 0011111101, 1011
200111 1211, 191.

1101111 (80111), 91. 11110 91101. 2011011
011111, 536.

0001016101 1. 0000110101.

31111 1. 1101111 000 00111.

Β11111,1)11110 011 12510194.

Βο11111119, 800100 1271, 444.

Β111111111 (Boderic, 31111141, Β11111111,
Boydrika, 3101111011), 21001116 000
1261-1261, 14, 68, 116,128,150,196,
244, 245. - 0110011 (0101101111) 1269,
4091 1272, 458. - 2111101111 1253, 68.

1101111100 (81111), 11111111οα11 1100110,

. 111. 1011100011, 409. ·

1101101111 (11181111), 3001110 1269, 409.

1110011100 0111011010 (8111111111), 131
11101116,0100100,1001111 0011, ς3111011
1277,5931101111111001111100,1111“1011
1279, 659. - 01111101 1279, 656.

11011111, 0111111 (00110111 0110111111
31111111, Β1111011. Βο11111111, Mons 1
111111),21.1111111011111 15, 24, 69, 96,
130, 187, 225, 233, 280, 432, 438, 447,
448, 449, 478, 481, 519, 554, 563, 573,
ΜΜΜΜΜ

0111101.101111111111111 1211611
1276, 572, 573.

1101111091, 11110011 2110110 1274, 519. -
11110011 01110110 1277, 5791 1278, 6361

1280, 673, 614.
11011111, 10110 24. 0111. Βο11111.
0000111 (81111011),01. 10101111, 359.
Βο111 1. 1301001110.
110111(Βο110), 91101. 31011110, 5111311110
01011, 145, 273, 357, 513. ·

1011111Βο111), 11111110 000 1276, 559.-
000101 000 1261, 247- - 1311111111

000 1276, 559. - 01110011 000 1231,
14) 1261128.

 

