Honborstele—Hnffe.

Honborstele, 15555515 5551555055, 187.

11555515555.

115555 (13555, 9155115511 2155155152) 394,

Honike, Honekin, 5555555, 5855551655
21115555, 1271, 436.

1155575111 551 2115511155 5. 5. 5518 169,
501.

115515155511555, 1511155515 1274, 501.

Η5555115, 65551535555511555, stt. 9511155
5555, 622.

Honthorpe 6. 5555515.

5551155 (Hopseten), 1151555155 555 1265,
328. - 5555555 555 1266, 332.

Horo 6. Det.

Horegen, 1915111511 555 1254,115.

1151511409. . ·

55555, 91151515 555 1251-1257, 11, 45,
177. - 55551256-1277, 161, 162,
ffifflmmmmmm
mffifflQfflmmm
589. - 5555 555 1111515115, 5511555,
1260, 226, 1272, 471, 5555 1278, 615.
- 911551518, 5555811155, 9515155 558
955555 5559155151555551, 1259, 212. -
1111515115 555 1151555115151595551276,
573, 1277, 578, 579. - 9555551555
1111515151, 9155555, 55555 55558, 1277,
580 , 1278, 619 , 1279, 659, 664 , 955555,
1279, 661, 2115551115, 15155 55555555,
1515115555 1279, 654. - 1915151111, 11551
5558 1855515, 1278, 623, 51115551515155
11555, 1279, 659. - 81551555 1278, 619.

. 5551591515155555551267-1279,359,364,
484, 560, 589, 615, 645- 5515515551,
1515 2155555 1267-1280, 359, 484, 488
(518 915511), 493, 500 (915511), 507, 529,
mfflmfflffiffiffiffl
-9155555551257,166,167.-65155158,
2115551115 555 5111555551, 15155 5555,
1351555518, 1555 9515155, 1262, 256. -
91151516, 1272-1280, 456, 501, 615, 645,
687- 555151 1277, 584. - 55555555
1252, 55, 1271, 559. - 6155511 (1261),
308. - (5111515551 1253, 76. - 55155115
555 11555 5115551555 1252, 49, 50. -
5515151558 1257,167. - 1151155558
1267, 364, 1272, 456, 1278, 615. -
2151551515 1278, 620. - 3555115558
1279, 664. - 1351. 9855551151, 195151
5555.

551, 515. 5514855 111

Η51115 1. 551115. .

Η55515, 11115511 555 1275, 522.

1151515115, Η51615151. 5551151.

55115555, 21555, 408, 409. - 1115555 626.
- 1115555215555555 1278, 626.

5551115551151555155 555, 5555 558 0155155
9555115555 1111515555, 1260-1264, 226,
263, 272, 294. - 21551515, 1515511555,
55555555 555 915558, 1260, 226, 1269,
Qfflfflm—me
11115155 555.

Η5551555, 5151115155 (1268-1272), 389.

Hossele, 95555 555, 55155115, 155 5555,
1276, 561.

11511555 1. 55115.

Hosterrothe 1. 5111555555.

Hosthus 6. 51115558.

Η5515155 6. thbbssen.

Hovele, 9151115155 555 1280, 680.

Η5151,91155555551252-1263, 55, 78, 278.
- 9115555555 (juvenis) 1515 5555 1259
518 1263, 79, 278. - 512155555555
91051558, 215115551269, 391, 1277, 576.
- 1111515158 1266, 278, 1264, 308.

5555, 31551555 1262, 265. - 13551
51155115 1254, 100, 1269, 392 (15555
5555 55155155), 1271, 430. - 6551
2111551155 1. 21115555, 9155555511. ·

55551 (Hoyle), 95. 2115115, 65, 608.

Hoyle 1. 55551.

Hubboldyngh, 5555 1511515155, 5511555,

Huckerde, 0151115155 555 1273, 487.

Huckere 6. 5111151.

5555, (55515555 55551555 555211551555,
555, 1. 1111551555.

5555 (Portus 1. Mario), 9151155, 9151
(4151115155 1269, 398, 9151 (5555915555)
486. - custos 5551115111 1271, 4863

511655 (115515151115151. 555555, 958.

5111155 (11515151),95151. 5515111555, 280,
572, 573.

5111155, 55551555 555 1276, 572, 573.

5115551515 (11515151151155555105), 155511
5555 85555555 555 1257-1266, 166,
196, 244, 245, 339. - 55515555 (3555
5555 1252, 57, 1266-1277, 330, 337, ,
467, 493, 602. - 35555555 555 1278,

51161, 5155111 non 1212-1255,56, 112,
113, 146, 324.

 

