nuufenhtfioe-Rede. 533

mfflmmmffiffim
642. 811. 1311111111 111 1111111111.
3111111111, 8111111111, 636, 642.
1111311113, 81111811111111 321.
ὓ111111111111, 1111111 11111111, 11111111
1111111111 11 3111111111, 1262-1271,
mmmmmffimm
384, 388, 438, 442, 446.
1111311113, 3111811111 1111111111
31111111 1257,181, 182. - 3111181111
1311111111 111 1111111271436.
(111111111111111111,11111111111131111,
12761553.

11111111 (3111111111), 31. 81111111,

311111 111 1277, 590.

1111111111 (1111111111), 31111111 111
1267-1274, 361, 443, 463, 520. -—
31111111 111 1274, 520.

11111111111111111111131.1311111103,

1111111111 230.

1111111111, 31. 1111111, 3111111, 36, 492,
542, 543, 603, 663.

3111111111, 31, 1111111 1311111 1275,
542. - 1111111111 131111 1111111111 1275,
542. - 11111111 1811111 1275, 542. -
311111 811111 1275, 542.

1111111111, 8111111 1111268, 3761 1276,
5521 1286, 675. - 6111111111 111 1273,

· 434. - 1111111111 1252, 59. -
1311111 111 1264, 308.

5111111 (11111111), 31. 13111111, 354, 687,

8111111, 11111111 111 1273, 501, -
1111111 111 1265, 318.

Radesvelde 1. 11181111.

1111111111111. 1113111111.

1111111, 311111 113 611111111811111111,
1161, 114.

8111111 (1111111131. 81111111, 1111111113
111 1272, 456.

1111111111, 8111111111 1278, 626.

11111111 (111 8111112) 409.

111111, 1111111, 11111111112881 1267,
354 p 1277, 603.

11181111 (3111111111) 111 1111113111, 31.
1311111111, 537, 551, 552.

81111111, 1111111111, 3111111, 1111 11111
1175, 525.

11111111 1. 8111111.

31111111,111111118, 0111181111 1111111111
1274, 515.

8111111111, 8111, 425.

3111181111, 8111111111, 1111- 131111
1111111 1111111251113.

31111311111611111 111 668.

8111111111, 111111 3111, &tau 311111
(111 811111) 111 111131111181111,
81111111 111 1111111111, 1251, 31 1252,
52, 55. 811. 1111111111-13111 8111111,
31111111, 1111111111, 11111 118 ber:
1111111 1111111 1278, 614. 11111 111
8111111 1111 81111 61111 11111 1262
ΛΜΜΜΜΜΜΜ
ΜΜΜΜΜΜΜΜ
422, 423, 468, 483, 517, 538, 550, 565,
mmfflmwfflmm
667, 672. - 13111 8111111, 1111111 111
8111111131111111, 111 31111111
11 1111111111, 1263-1279, 283, 308, 322,
329, 376, 408, 409, 410, 416, 422, 423,
mmmfflfflffifflm
589, 603, 611, 614, 639, 641- 111111
1111, 31111 111 81111111 1311111213,
283- 11111111, 8111111111, 12611410)
1276, 4231 1278, 614. - 11111111 111
8111111, 111118 311111 1270, 423. -
8111 11111111,1111111111,11111, 1111-
111111 111 8111111, 1111131111, 1265,
317. - 13111 11111111 111 (11113111
113 1111111111 1272, 455.

3111181111, 1111111111 3111111111 1111111111
1263, 278, 289.

3111181111(1),81. 111 1273, 496.

81111111 (1111 31111111), 11111111 111,
81111, 1111 3111, 1273, 491.

81111111 (11111111), 31. 811111111111,
81111111311111 111 1272, 472.

31111111111111111 111 1268, 409.

111111111(11111111), 31. 5311111111, 314,
338.

Rechvelde 1. 11111111.

8113111111 (111111111111, 8111111111,
Ridekenberg), 11111 11 1831111113,
324, 497. - 81111111 378. - 8111·
11111111 150, 244, 245. - 311111 1111
1111 1251, 141 1253, 68) 1251150.

1111181111 1. 811111.

 

