506 1111111111-(1111111.

ι1131313111(1111111111),11111111 111 1264,
111111,1)1111111, 3111111111111, 1273,
413. - 1111. 1111111.

G.

Galea, 1111111111 111. 1268, 319.

111111, 1111111 1111 1280, 680.

1111111111, 1111111111 gen. 1271494.

Gamme, 1111111111, 111111111111111111,
1267, 3641 1272, 4541 1278, 619. -
1111111111, 11111 &mul 1278, 619.

11111, 1111111 1263, 2831 1264, 308.

(1111111111, 1111, 111. ὓ11111111, 101. -
11111 Hinrici 11111 1111111111111111 592.

0111111111, 1111111111 1111 1261, 241. ·

1111111111 (11111111), 11111111, 361.

1111111111 (Gen) 621, 653.

1111111 (11111111), 11111111111111, 31,
605, 633, 682. - 11111111 11111111
12111682.

111, 11111. 5111 409.

Geist, 111111111111111111 (1111111111,
111111 111111, 1279, 665.

0111111111111 (11111111), 1111111, 361.
1111. 11111111.

(11111111, 11111ὓ111 1111 1253, 911 1263,
293. - 11111 1111271424.

111111111111111111111), 111111. 111111, 111.
1111111, 499.

1111111111,111111111111 1259, 2191 1278,
621. 11111111 111 1111111111111111111,
1273, 499.

01111111ὢ11111 1111 1252, 55.

Gen 1. (1111111111 Nienkerken 11 Gen
1. 111111111111 111 11111111.

1111111 (1111111111), 111111. 1111111 495, 643.
1. 1. Gereten.

0111 111 11111111 1211111111 501.

(111111111111111, 11111. 1111111114.

0111111 11111111 111 11111111) 65, 413.

Gerethe 1. 1111111.

11111111, (5111111111111 111 111111 1261,
241.

(1111111, 111111 11 31111111 1261, 246.

(1111111111 cimentarius (1251), 1.

1111111111. 10111111, 61. 11111111.

Gerlacus Monetarius, 11111111111111111,
1171, 436.

(1111111111111 111 1111111111, 52, 59,
3801 1111111111 156.

(1111111111111, 1111111, 1, 52, 54, 60, 62.
81, 82, 66, 96, 110, 156,112,198,230,
359, 361, 461, 489.

011111111111, 11, 1111111 1111111 111
81111111 (1111)-1117, 1, 54, 62, 81,
82, 86, 110, 158, 1121 111 1111111111
11111111 1258,198. - 1111111 31111111
1111489.

111111111111,11.1 11111111 1111111 1211,
86. - 11111111 3111111 1271489.

11111111111111, 21, 11111111 01111111
1272, 461. - 1111111111111111 111
111111 1268, 361.

Gertrudis domina 1274, 511.

1111111111,211111 111 1011111111 81111111
11ὓ11111111,111111111 111 11111111,
1211, 230.

(1111111111, 11111 conversa, 1251, 28.

0111111, 5111111111111111111111, sorores
conversae, 1111111111 1251, 39.

61111111 1. 1111111111.

1111111111, 01111111 1251, 41.

11111111, 111. 1111111111, 119.

Gesmele 1. 1111111111.

(11111111 (1111111111, (11111111111111111111,
111111, 343.

01111111, 1111111 1111, 1111. 1111111111
1111 1. 1111111111.

01111111,1111111111111 1258-1264, 199,
231, 244, 245, 282, 308. - 1111111111
111 31111111 1267, 363. - 1111111111
1111 11111111111111 1264, 308. - Sem:
1111 111(1111111111111111111161111
1267, 3631 1111111111,1111111,111161111
1277, 6021 11111111 1111 111111ῢ11111
1111111,111111 1111 1111111111 1278, 6251
1111111111 1111111111 1278, 6151 1279,
043, 658, 662. - 111111, 1111111111
11111, 111 51111111111111 gen. 1111
(1111111111 1273, 495. - 11111111,
11111111,1111111111111 1111111111 1272,
451. - 11111111111111111111111111111,
81111111, 1111111111, 1111111111, 1111

, 1111111 1277,(1021 1281682. - 111111,

barb] rector primi altaris 1111 Dum!
1278, 611. 1111. 01111111111111111.
0111111111.111111111111,11111111,11111111ι
111111 1111111 111 1251128.
(1111111, 1111111111111 1111111111, 590.

 

