509 9111111-9111111.

611. - 11111111 6111111111 1256144)
1280, 611. - 1911161413.

9111111, cives: 5111111, 9111111 1111111111
(111. 9111111111), 3111111116 de Rivo‚
91111111 911111 1273, 473.

9111111, 5111111111 1111, 91111111 11 96111
111111, 1258-1279, 198, 442, 446, 544,
613) 116 9111111 345, 501, 649. -
9111111116, 99111111 11 9611111611, 1271,
446.

Dissine 1. 9111111.

Dives 1. 91111.

1111111111, 91111111, 11191111, 11111116 11111
91111111, 1267, 351.

Dodehusen 1. 9111111111.

Dodelinghusen, 9111111 bon 1280, 613, 614.

96111111 (111111), 9119111161111111, 541.

9111111 (1711111111), 1111111111 31111116
1111 1275, 5361 1278, 618.

17111,96111116,16111161119111111, 1278,
613.

1111111111. 1111111111, 81111111 1266, 344)
9611111111111116611111111119111111
(Veghtlage) 1271, 439.

Dolekin, 91111111 1264, 994.

Dolen 1. 96111111.

91111111, 9111111111 bun (1257-1280),181.

91111 (111111111911111111), 911111 91111112
11111111, 91. 11111111, 344, 349, 350,
ffimffifflm

91111, 911111 1111 1266, 831.

171111111191111111) 1111, 911611111111
111 9119111111, 1280, 683.

Dornhem 1. 91111111.

9111111111. 91111111.
9111111111 88, 118, 382, 509, 598. -

villicus 1258194. - 9111111111111111 464.

911111111161611111111, 6111111111 1272,
464. - 11111111 1111 1251, 126. -
1111111111 1111, 91111111 116 1611111
9111111116 1266302. - 81111111 1111,
1611116611 91111111, 5111111111, 111111
111111, 1275, 544. - 911. 11111) 96111
111111, 9111111111.

11111(98111111111,9811111111), 1111111116 111,
9111111111, 111111 9111111, 1279, 669.

Dranhem, Dranthem 1. 9111111111.

9111111111 (91111111111111111111111, ’111111111-
11111), 91. 9111111, 9111111 1111 1251, 9,
101 1256158) 1276, 563. - 5111111111,
11111 18111111, 9611111111111 (1111111116

1111 1611111111, 1276, 566 ; 1280, 615,
- 8111111 1277, 588 7 1280, 685. -
81111) 1111-1171, 336, 559, 486. -
9611111119 1273, 483.

9111511, 91. 91111111, 646.

9111111111, 911111. 1991116111), 618. 911.
Dribrugge.

911111 (1111111191111. 911111111111111
8511111911111111511111, 181,182,183,
453. - (9111 6111111116 261. - 9111
1111191111488.

9111111,61111111111 1111 1262, 261. - 511
1111111 1111 1279, 653) 1280, 613.

9111111, 91. 11111111 1. 1711111.

91111111111111 451, 495. - 91111119
91111111, 991111 111 1111119111 451. -
13111111(11)1119111111) 11111 1111911111
9911111116 1272, 451.

Dreno (9111111, 91. 11111119 1), 9111111111
1111 1252, 59.

91111111111. 9116111111.

9116111111 (mommsen), 1111 911111
1611115111111111 1111 91111. 91111111 11111.
1111 99111111 654.

9111119111111. 9111111116.

9111111116 (Dreslehusen) 111 911111,
91. 9161115111, 634.

Dribrugge, 91111. 6111116111 (35111111),
91111111 1111111111 11111 91111116, 161111
1111116 11111 1111111116, 11111 96111111, 1276,
550. 911. Drebrucken.

91151111,91111111111 1111 1256159.

9111111111, 91. 9111111111, 6111 116
91111111 9111111111 499.

9111111111, 1911111111 1111 1271, 499.-
51111111) 1111 91111111 111, 9111111
1271, 429.

9111111111 1. 9111111111.

91111, 3111111116, 9116619111 in 111
91111111 9611111611, 1265, 326.

911111 1. 6111111.

91111111 (dapiferi) 1.

11111111, 1111111161 91111.

41611111, 16111166119191111.
9111111111, 1111116111 91111.

91111119, 11111111111111 91111.
9116111116, 11611161111111 91111.
Cancer, 16111111,

0111, 51111116, 111111111161111) 91111.
91111111, 111111111111111 91111.
911111,11111111111111111 91111.

 

