ὒ36661611. 567

1666666611 61666 66661666661251,
7. 661. 61766).

6666666611 66166616 666 316611 1251
-1256, 66-66, 30, 36, 39, 66, 67,
67, 96, 110, 166, 163,164,160,169,

- 191,606,603. (gum 616661 61161611.)

6666666666 66666 666 61666661) 1259
-1279, 616, 619, 669-631, 644, 646,
666 (66666 &iselberte 666 6116666
666), 666 (1166616166 16 3116116666,
360, 337, 366, 369, 360, 364, 366,
399 (616 6661616166), 446, 469-471,
611, 669, 630, 646, 666, 660, 666,
669,.664, 669, 617, 661, 666.

6666616611 66116616 (666 1260), 669.

1166666161, 3666666661 66666613 1251,
7, 66-66, 60.

6661666661 01116 1251-1259, 36, 39,
66, 67, 73, 74, 64, 104, 106.

6661666661 66766 1256-1255, 67, 96,
136.

6066616661 666666 1257, 161, 166.

66661666166666669 1256, 602, 1259,
616. .

16666666611166166 (1661166 ber 61666
619 (166111616661611616), 1262, 664,
1261, 312.

9666666661 6116611116 6161666666 (66
61616 66666116 61116166) 1265-
1mmmmfflmffl
466, 490, 641, 644, 666, 664, 669,
mfflffifflmffl

1166661116, 6661161116 (custos, thesau- ¹.

rarius) 16116 1251, 7, 66, 66, 34, 1260,

6166110116 6161116166 1254, 110.

6661666 66166611 1251-1259, 95,
132, 166, 606, 616, 616, 1262-1266,
666, 664, 669, 276, 366, 330, 336,
336, 343, 3606).

6766616161 3161666 666 616166 1266-
16666666
QQQQQQQ
mmmm

, 1166666161, 3666166161 6161616 1251, 7.

6616166166 36666 (666 6116616611)
166ω66666
(1166166166 16 6666611111), 606.
&puter 6661666611.

9666166166 666)11260-1276,669,644,
ffiffiffifflffiffim

⁵ mwmmmme

606, 669, 630, 646, 6666).
maturantur 6666666 666 61111666,
6116611 666 6666761166ταῦ, 11166
616166 in 6666661116, 1161666 666
(6661661276-1260, 666, 603, 606,
661, 633, 636, 666.
1366666661, 66666616711136166 1251, 7,
36, 39.
666766167116611661116 36666619 (666
66663) 1254, 96, 110, 1255, 136.
3666666166 (6176 1256-1257, 166,
163, 164, 176.

6661661671661116616 1256, 606, 1271,
436, 1276, 666, 1277, 669.

66616616716666666166616 191, 610,
309, 637.

6736666111, 6166666616,

(611666 1251, 7.

6116616 666 61166661 1251, 7.

&ugo 1251, 7.

(6116616 de Foro 1251, 7, 65, 66, 38, 39.

666666 666 6611166 1251, 7.

66116666 deprimo altari 1261, 7.

6161116166 666 Det 1251, 7, 66, 68, 38,

66166616 666 6161161, 6966611 666 666
bergen„ 1251, 7. 6611111 6661666671
666 611166).

661616 666 61616666 1251, 7. &pater
6666166166 666 6661666611.

6111116111 866 (Giseko Vulpes) 1251-
1256 666. 1260 666 1265, 7, 66, 66,
666666ω66
606, 1260, 631 613 6316611 (66616661
666 66666 1265, 366 616 6916611 666
1116666 619 67666616 6616111 666
66116661.

1616666 666 61666 1251-1256, 7, 66, .

66, 36, 39, 163, 164, 606.

(616(16666116166 1251-1256, 7, 17,
6666666Μ’
16661 3666666166.

1111166 666 86666 1251-1276, 7, 66,
66, 36, 39, 66, 147, 146, 166, 166,
164, 606, 631, 636, 636, 644, 646,
mmeme
366, 436, 446, 446, 470 (ὓ666661166
16 6111616166), 476, 613, 666, 666.

61166161251-1277, 7, 36, 36163,
Qmmmffiffim

 

