81556-50116. 519

55611166 116668, 16166 &tuus 1276,
537 7 1276, 5511 1277, 597. - 05615666
816106, &obn 0011 86165665 065
116668,1275-1260, 537, 551, 597, 675.
- 81611115, (650511 8166656158 5. 5.,
860511 006 8685611 16 8656150611 665
1001115666 16 9115611661269, 409.

81556, 56161666 0011 561,1252-1269, 53,
QmQffl-wmw
816561, 156011, 1252, 531 1251, 112)
1256146. - 9165011 506 1260, 675.

8155661165 (515610000150, 506510650156),
116. 1865665100, 68, 101.

815511651 88, 382, 509, 670. - 8155111516
81006 487.

815511651, 1110511 86111165, 1262, 2631
1273, 487.

8151111651, (251111 865561 1. 965561.

50, 15156 561 8166116115, 111151. 866066,

56, 81661, 80566, 96. 1561855666, 616666
11566 816666, 501.

50, 5615661568 0011 1252, 53. - 8615661
066 1261, 112.

8066661(560166), 9101166, 239, 240. -
9151606323.

5066616111. 8661661615 8611666666.

5006161. 8666.

5006066166, 501 161 91151. 9161661, 566.

5006611666 (1251), 1.

85566 (50116116), 85611566 006 1254, 115.

8066 (506), 05615666 8110 006 1252, 55.
- 85115666 86165065 066 1271, 430.

5666, 1566615161 006 1276, 619. 861.
Lon.

85616666, 8156651666, 36, 127, 450, 530.
- 91661111 51166115 1253, 86.

85616666, (10566668 506, 80666616 881
665156,1271,436.- 2861161 0061160511
006 0666566566, 1252, 62. - 1061161
006, sacerdos 06 6. 0601610 111 mnu:
56561, 1267, 364.

805668,916066116566 561 816116, 65.

80566566 (501161, 501666) 16 5665662
161166, 96151. 8666, 96. 85616, 65, 473.
- 816121ε56150651273,473.

80566, 96. 5168511666, 50].

501101, 505666 1. 80566566.

50566 409. 861. 805668.

50111. 51656.

506, 0156161 86151. 8661111651, 117.

501, (5665615 066 1911061166, 8065666.
- 15161615 0011 1263, 279. - 1801116165
006 1251, 114. - 1150 006 (Lon, 5066,
5011611) 1251, 40) 1257, 181, 182) 1266,
3451 1276, 636) 1279, 642. - 56161115
006, 1616866561 1267, 181, 182. -
01665665 506 (5066) 1261, 241. 1161.
50611.

50061116 1. 855116.

5616, 065161 006, 806666 16 1386651061,
1260, 679.

5016610, 5656 564.

50116, 86660 6611. 1279, 647. 861. 561116.

501560, 81060 0011 1266, 842.

’ 50111610 1. 8666.

80116 (Lethe), 116. 8601665616, 467.
5666610160 1. 860166566166.
5016610, 1816166116 006, 0866565066
8155116, 1279, 642. 861. 1011566116.
866166 (50066166), 86. 8661665606, 94.
801166 (50666161), 86151. 86186015, 111.
50116, 589.

8061666666 (50666160), 116151. 8016105,
86. 115066, 588.

81150661, 965166 5688115016 006 81061161,
1279, 655.

8666666, 13116 1265, 133.

5661661. 8066166.

8115011, 156011, 1256162. 861831065166561.

805011, preco, 1273, 501.

56061166 1266, 162.

8555666 571, 650. - 8166661 56066161
1216, 571 J 1216, 650.

811566, 81815166 47.

805166566166, 56666666 006 1252, 55)
1256, 78, 79) 1262, 255. - 56616666

5.11.6651)6616666,16168056125628.

8011616666, 1105666 665 81661566 000,
5611566, 1271, 447, 449. - 011666 006

1256, 61.

81111165 125, 611. - 8111501 56166115 1263,
293. - 1501115666 9165666116 0110 1277,
61111276639. - 806165666151166
611. - 81861656111611.

56116, 1161566668 006 1279, 642.

56666 1. 5616101666.

Lumo, 81616165 506 1279, 642. -
5611616508 1615 8165011, 860561, 1266,
331. - 3165011 506 (1264), 308.

5666, 80161666, 856661 111 88665606,
1266, 345 (618 18155110) 1271, 436.

 

