m

(55555571 555 91555555 1251-1257,
QQQQmmwm
5055115059 ·

955555 5515, 255055 15 29555515, 1251

wmmfflfflmffi·

QQffifflfflfflffl=
5155555 15 (5051556), 472, 503, 504,
mfflffiffl

05555555 555 555 5555 1251-1277

, (12809), 18, 39, 163, 164, 202, 278,
mfflwfflffiffim
556, 589, 627 (3), 671 (2).

25775551 1251-1260, 38, 39, 230, 323.

205515555555516(555555850555
(5055,1251-1278, 38, 39, 380446,
529, 530, 548, 556, 589, 617,

111155105558555555 1251-1265, 38, 39,

’ 148, 202, 210, 230, 323. &patet
2555555555. ’

551555) 555 {Berge (de Monte) 1251-
1Qfflwmmfflmm„
267, 295, 296, 306, 388, 438, 446,
472, 548, 556, 589, 617.

05515555 555 (5555055551) 1251-1274,
39, 163, 164, 438, 471, 505, 513.
&ugo 555 0151515 (05155555, 6515555)
1251-1278, 43, 148, 164, 202, 388,
ffifflfflffifflmffi

588, 589, 613.

(55555555 † ((5155 (55555155 iit 515
211555 555 7355155515 &fibert 6555
beer 555 9151555) 1252, 47.

’ 5515515) 555 555515 1253-1256, 86,
110,155.

0151555 555 22555 1253-1267, 86,
202, 331, 338, 388, 359. &mitet
5055515755.

85555555555555650515555),5055555
15 30555551, 1254-1271, 110163,

Ν ΜΜΜΜΜΜΜ

mmmmmmffl
mm ,

· 051155) 555 Der 1256-1278,148,163,

Qmmffifflwm
617.

5550 555 01555515 1256-1268, 148,
341, 380.

5555555 5551155555155 1257,166.

551555) 555 5355555555 (6555155555
553 58155515 25055515) 1267-1272,
ΜΜΜΜΜΜΜ

mm.

244,245))5515175 25555Ῑ1555θ55155ε
bmmmmmmw
mmfflfflfflffiffl
355555 2555 1257-1258, 163, 164,
29ῗῇ 555 &uben (655155, stamen,

Seagen) 1257-12792163„ 164, 202,
mfflmfflffimm
(5555555 5552651555155 1267-1278
(12809), 358, 556, 588, 589, 621,
mmmm
(55555515 555 3555 (Vos) 1267-1270,
mffiffimffl
35555 3555 (Flos) 1258-1215, 388,

-fflfflmffifflmffl

643.

5515555, 395555 15 biche 1268, 384.

255555 555 Hammo 1271-1277, 438,
513, 556, 589.

3555115555 9155555555, &rupit 555
Θ). 855555, 1271-1277, 471, 472,
556, 589. ·

915550 555 910051 1272-1277, 472,
556, 566, 589.

235555 , 555 55555555 1272-1277,
mmmmm

91555555 05 ,1151155 (24555555 555
Hethe) 1276-1279, 556, 589, 649.

355555 555 31055555( 1276-1277,

· 556, 589.

. 855555 5511272589.

25151559 555, 6851155 1279, 652.
25557) 555 &temtum &obn 553 455155
35551) 555 55515551, 1280, 691.

5955555551, &ambitum (555515 1251, 28.

- 551556) 1277, 601. - 35155 285155
555 1268, 380) 1273, 493. 2351. walae:
555. - 5155555 1257, 176) 1268, 380.
- 55155515 1260, 230) 1261, 241)
1264, 312. - 3055515 1257,176) 1259,
215, 216) 1263, 269. - &metim 1268,
380. - 23155515 1251, 28. - 2355555
1251, 1, 7) 1258, 87) 1258, 202. 351.
05555516, 05551555, astare.

ὓ5555το5, 505550555555055555 380.
wmwmmmeffl

617. - 9155555555 96, 97, 98, 99, 121,
124,131.- 25555555 33.

ὓ3555506, 0555550555 &arbustat (prim.

alt.) 7, 163, 241, 617. mestar 31555555

 

