1161166161-611116. 501

1161166161, 1181116115 1270, 4151 1280, 685.
Dange, 3661166116 566 1273, 479.
dapifer 1. 61611.

11611161, 1115611 1255, 1331 1269, 409. -
61161615, 1616 6616 1255, 133. -
61611111 1265, 324.

66111616, 6156 116.

6611161 (55615616, Domhem, Dorthem,
Τ56165616, Τ56165616), 111111. 181161,
111. 2116116, 45, 81, 82, 86, 222, 240.

661661, 1161111 566 1253, 81, 86. -
61111116 211566 1666661 56666166
1253, 81, 82, 86. - 61611161, 11166
&rau 1253, 81. - 1611161 5661252-
1256, 59,86, 158. - 61611161 566
1277, 595) 1276, 615.

611161, (3161865611566 1264, 3081 1269,
409.

661111, &mun 65161 5611 1278, 623.

Daverenberg‚ 16161166 566 1264, 3081
1269, 409. - 1111651111 566 1279655.
- 66161615 566 1280, 675.

Deckalburg 1. 6661165611.

Dedekowe, Dedichowe, 1111151166 566
1271, 5611 1217, 662 i 1266, 636.

Dedelingthorpe, 1. 6511615611.

615161(11611661,Τ5611616),656116111116615
566, 1269, 402. - 2116615, 6611111611
665 26115615 566, 6111561, 2116166516,
1111161516, 1161656156 651161, 1274, 520.
- 2116615 566 1272, 4631 1279, 654.

Dedichowe 1. Dedekowe.

661661615, 161116561116161 111161111τὶ61
1262, 261.

661611 (nehem, 1565616), 1616 566
1258-1276, 199, 222, 354, 356, 364,
415 (15616161) 416. - 6115611 1267,
354.

065166 1. (6616561166.

6611, 11611165 361.

6616651616, 11161166 566, 2666565611,
16166 6611111, 6611615611, 56166 patruus
665 21666665 1271, 435.

6616661611 225.

1166661616 1. 6111616166.

Derseborg, 1111611 78.

661161, 111. 3115116116, 331, 456.

Detten 1. 6166561166.

6611611 (1165166,11151166,Τ561166), 616»
1666 566 1251-1279, 2, 69, 160, 161,
ΜΜΜΜΜΜΜΜ

16136661, 566, 561, 616, 641, 656,
661, 664.

611111116115,11611116115 1156116 1. 611111
1161161 1165 1156116.

66511111τ,111116 291. - 1116111161. 1276,
573. - 6661661 (6166 2166116) 1257,
175.

Dhedelingdorpe 1. 6511615611.

1156156116 1. 61611611.

Dherseborg, 511611 78.

1156156151. 66111111.

Diabolus 1. 611511.

Dichus, (1151 1611111111. 6611561166 279.

1565665616, 815615 566 1279, 655.

6161166, 6156 161 111111. 6661374.

Didinchove 1. 1111161161, 66611611.

6115616 (5566156661), 5611665, 443.

6511615611 (Dhedelingdorpe, Thedelinc·
1561116), 111. 11111111, 66, 76, 265.

6611615611, 1161161 5611 1272, 454, 467)
1278, 615.

6161161611, stt. 61556111, 11161161 865611
1251, 161 1252, 49, 63.

6111111611 (1156156116, Τ56156116), (15611611
3165611 566 1266, 345. - 6561161
1166165, N. 566 311615111111661166,
6611611161 516 61161616 1166165 5611
66665616, 1279, 646.

61611161, 61611 (5161111611 ί116611116666166)
1265, 324.

61611161, 61611 566 616166 1161666 5611
6151651111 1260, 225.

61111161 ...... , 511166 16111166 11565
16151277,666.

611116556, 21661126, 244, 245, 313, 408,
409.

Dihtten 1. 661166.

11156, 6155611 566 1279, 664.

051116116611111651161 1253, 78.

61611161 1. 66511616,(11116161,31616.

61611616, 66111161 566 1251, 3. - 8⁰²
1666 1259-1279, 211, 283, 308, 585,
640, 647. - 361666 665 16161666,

1116165166 1276, 640 665 1279, 647. ·

6166161611 (1166161656), 6161111165 566
1162, 55.

611166, 1111151111, 248, 415. - (1156
65615111 287. - 31111. 65, 162, 603,
671. - 511616 144, 201, 238. - 21611
516166 61116 1256, 144) 3111511166
66161616 65611615 16 6666511161 1236,

 

