81111-111111111111.

81111, 311111 genuum! 13111111 111 111
1111111, 1278, 617.

2111111111, (1111 111 111111. 8111, 31.
21111, 374.

2111111111 (8111111111) 111 1111111111,
21111111 111, advocatus, 1254, 112,
1111111111 comes (ῧ1111111) 111811111-
1311251113.

Suderlo 1. 11111111.

&nonaum 111 ὓ11111111678.

8111111111(81111111111),111111 21111111,
21.1111111111111,29.

8111111111 f. 11111111111111111111111.

8111111 f. 151111.

3111111111 (selenburon), 31. 21111111
1111, 152.

81111111111111 (8111111111), 111.
11111111, 11111111 1111254,111, 1261,
mm

6111111111 (8111111111, sunnebeke) 111
1111111111,ῧ1111111[,461,191.-111111;
(1111111111111111111,111111111111
2111111111,2111111118,311111,8111111
1272, 461. - &reim 1111111111 21111
bergen! 811111 111 1111111111, 11115
1111 111 2111111111, 11111111 111
8111111111, 11111111 111 biningen
1277, 191. - 811111111111111 1111111111
111 &stringen 1277, 191.

&unbem 81111111111111111111 1111111
111 1111171111 1252, 47.

11111111, 23111 111 11111111 11.

(11111111, 11111 1110111114οθ.

81111111111 ἱ. 6111111111.

81111111111. 2111111111.

81111111111. 8111111111111111.

8111111111 [- &mteretL

&utburg (Sutherberge)‚ 1111812111
ww.

81111111 (81111111), 81111. 2111111111, 111.
111111111121111118111111111111675.

81111111111, 111111. 111111 1111 81111.
2111111111, 400.

81111111111 Ῑ. 11111111.

8111111111 [- (8111111111.

811111111111 409.

81111111111. (1011111111.

8111111111(11111111112111110118111111343.

81111111, 3111111 1111 1257,181. - 1111
mann 1217, 348. - 1111111118, 111
111111 1111, 1267, 348, 1277, 176.

81111111 I. 61111111.

8111111111 ἱ. 1111111111.

11111111 (31116111), 111111. 11111111, stt.
2111111111, 430, 431, 434, 413, 473.

svagesdorp Ῐ. 6111111111.

8111111111, 2111111111 1251133. ’

svege 1. wege. .

31111111, 91111111 111 1256,146.

Svevingen 1. 6111111111.

8111111111, 11111111 1277, 600.

11111111101111111111 1111111. 1111111111.

811131 f. (11111111.

8111111, 11111111 111 1261, 248. -
311111 1111 1261, 248.

8111111111111 1111111, 111111. 1111111111,
111. 8111111111, 40.

Τ.

1111711111),2111111111211111111
11111, 364, 413, 636.

11111, 1111111111 111 1267, 364.

7111111 f. 21111.

11111, 11111111 1252, 62, 1251115,
1270, 417.

2111111111 (1111111111, Teoheneborg,
Deckalburg), ott 1111 1111111, 2, 11, 29,
42, 46, 126, 161, 194, 191, 207, 246,
mmmmmfflm

2161111111,21111111ξ11111111 1271, 437,
111111 capelle 31111111 1278, 613,
1279, 619. - 211111 21111118 1251,
42,1258,131.

2111111111, 01111111 127, 1262, 274,
mmwmm

111111111101111ὓ111 111 1251-1262,
1111111111
4fflmwmmwmmffi„
mffimQffifflmm
111, 111, 111, 195, 211111, 111, 111,
246, 210, 216, 260, 261, 264, 111111ς
{rothen 11111111 1261, 288, 1264, 299,
1265, 321, 327, 1271, 437, 1278, 622.
- 0111111 2111111111, 111118 &mus
wwwffiQOmffl
1wmmmmmfflm.
- (1111 11111111), ὓ1111 (111111,
1251-1252, 2, 1411- 1111, bess:
1111111111111111111ῶ1111111111ε
1111, 11111111 111 1111111111 su 211111

 

