81111-01101111. 499

1262, 260. - (3111111111 1271, 4371
127161911272, 606, 609, 664. -
1110110 1274, 000. - 01111110 1277,
602. - 1111111111 311001 011 111111
1280, 619. - 1111111111 1280, 673, 614.
- 1111111111 110 1011110111, 11111011,
1278, 610. - 11111111, 211111 018
1311111 011 8111110111,1251,42.

211011, 11111111 1266, 344.

Budelincdorpe 1. 11111110.

311101 1311111111), 1111111111, 494, 609.

11111, 01. 1011111, 1111111. 363, 374, 401,
042, 602.

11111, 11111111 11111111 1258, 197.

111111, 3110111111 0111 1277, 088. - 1111.
1301101111, 1111111111.

3111111, 00111111 13111110 011. 011 1269,
Qmm

3111111, 18111111 1111111111 1260, 231.

1311111, 1131111111 11111111, tunc officialis
Frisie,1277„600.

3111111181, 6101111 1273, 491.

Rullo, Hirco 1273, 487.

1011111111Β1111111),111101.11111,01.2]11111,
602

8111111101 1111 011111. 21111111111111, 21.
1011011οτ111 223.

3111010101 0111311111, 01111. 131111 110.
Bulzeten 1. 03111111.

13111, 1110111 1111, 1271, 421, 428, 4461
0110111, 1011010111111111111278, 613.
- 01111110, 1111 10111011 1271, 446.
1111. Bone:

Bunethe 1. 1101101.

Bunstorpe 1. 1101111111.

Bunte, 1111111111 1273, 001.

Burbenne 1. 31101111.

Bure 1. 21111.
3111131111 011 1253, 86.

Burgbenne 1. {Bntbein¹

Burglo 1. 11111111.

31111111111111, 111111111011111111111101, 1.
6111111111.

11111111, 11111111, 1252, 63.

Burse, Bursen, 5101111111 0111, 1111111111
6111180111,1264,304. - 1011111111
0111 1276, 009. - 11111111 01111268,
394, 390, 397.

Burstel, 01101111001101111 111111. 31111
10. 311. 13311111.

Burstolde 1. 01011111.

31101111 (de 11101), 31111111 0111 0111
1264-1277, 308, 344, 349, 422, 494,
497, 000, 089. - 9111110111 (9111111101,
11111 311011, 1261-1277, 248, 328, 344,
QfflQm-fflwwm
0111811111, 1270, 422. - 3111111110
1264, 308. - 1111101101 1261, 248.

1111111 1011111111), 111111. 311111 011
1111111, 348.

3111011111, 1111111111 0111 1273, 481.

13100111 (Βοεᾶίιιοᾱοτρε), monasterium ss.
Petri et Andreae 111 1110110111, 1.
1110110111.

4111111111 (310101160111), 21101. 10110
11111111, 01. 1811110111, 409.

131111 (3111111111), 111. 110110111οτ111, 320,
690.

Bynole, 1111111111 110 1111111111 011,
1211, 618.

(1. 1311. 1111 Κ.

6111101111, 1110111011, 121.

Camerarius, 0101111 1257,166. - 110011
1257-1268, 166, 191. - 1111110111
1252, 49, 00. - 1111111 1254-1280,
111, 142, 162, 111, 278, 283, 290, 296,
mmmmfflffifflm
486, 489, 007, 060, 069, 092, 602, 620,
646, 603, 673, 674, 688. - 0111110111
1278, 6271 1280, 670, 684. - *nmo
11011111111113, 01111111 11130111 1173,
473.

011111, 10101 011 ὓ111111011111, 11, 239,
328.

0111111111. 211τί111111).

Campen 011 2110110111221.

Camino, 11111111 1259, 221.

cancer, 10111111, 901111 1265, 320.

011111111116111111, notarius 1277, 611.

61111111 011 8111111101, 11111111, 63,101,
379, 036.

01111111111211111110111111111111,30111114
1111111111. .

01111111110111111111111, 11111111111111011111Ξ
mmmmm

011111111111. 9111111111111.

Cervus 1. 1111111.

01101111 11 131111111161111111111) 639.-
013111111ῑ 01111111 de Orio 1277, 082, 611.

32*

 

