illcsscbclct-llllnben. 521

2161666161, 1161166 661 116116, 580.

1163161. 1116611616.

11161666 (1166611166), stt. 81166616, 38. .

9666(16),(71166), 1811666 668 2116616
6668116166161 16 1186616861, 1265, 826.

lllclnbflbclffleinhuvcle,llcnhovcle)‚8rleb2
6161 6661258,78.η8166611 666 1269,

1116116, 1116116 6661116661 201, 288, 292.

1116116, 1116666 666, 66011616 1166666661,
mmmm

11166661 200.

1166611166 1. 11161666.

1166166616 1. 1161610661.

1116681616, stt. 8616616161, 116161, 573,
667, ece, 669.

1116661616,91611661611661166116118061161.

11166666, 116111, 659. .

1161666116166111 666, 17661166 16118666
661161, 1. 086666661066166. - 1166
1166666 666, 11117166 16 1166696161,
1274, 507. - 1116661666 666, 11116666
6668666116 16 ὓ6666616, 1271-1279,
507, 612, 615, 642. - Otto 666 1252,
55. - 1111116116 666, 13116166 16 Dece:
66661,1278,613.- 11611666 666 1277,

1166666116, &clinice 2116161, 86161. Die
666666, 583.

11666616,1816161616661271,447,1278,481.

llere, ῡ61161 666 1262, 258.

21161616, 6666666 666 1253-1265, 68,
93, 150, 166, 167, 196, 308, 324.

1166166, 21666661 666 1. 1166616161, §eumz
1666.

llcrieberchc 1. 11161161·

116616 1. 111671.

1161671661. 11166166.

1161616 1. 111611.

11166166, 117. 1161666616, 29, 87, 117.

1116166616 (11661616), 1861116166 6661256,
158.

1161116166, 116. 816166, 518.

11611661 289.

11161166, stt. 1616161666116111. 654.

1161616626. 1616161661, &tiitl 250, 630.

lllctclcnl 156666 (15116) 666 1267, 361,
1280, 685. - 6666666 666 1259, 221,
zmffiwffi

Helenen 1. 11161166.

11161666, conane„ 861.

10161166, 1166611666 genennt 666, sacerdos
canonicus 16 cccccccccc 1276, 623.
11161166 (Helenen), 86. 2661661661, 806.
lllcttlcgcnl 116. 2661666666, 843. -

1116666 866666 1279, 659.

11166161660166116666661254,107,108.-
&ethech 666 1161666161 666, 11611167,

’ 1269, 400. - 861166666,116161166
666 2166666668 im 1866616ὓ666
66116, 1258-1280, 202, 888, 444, 483,
542, 566, 588, 617, 621, 636, 653, 673,
674. 685. > ¹

Meynarcing=etbec 16 Hcgelc 666 Volethc
16 11611666 590.

11161661, vicecancellarius 6661661611661666,
zmfflmmfflm

1166661161 (1111716161), 116161. 6666161166,
86. 81616166, 683.

21111616, 8161166666 1278, 626, liutger
(6111166) 666 liutger 666 11666666,
11661166, 1280, 685.

11116666 6, 50, 85, 178. ι

11116666, 17161616, 43, 187, 234, 240, 808.

11116666, 11116161 666 159, 234, 265. -”
11116161 (161666 1251, 12, 16, 1252, 49,
50, 63, 619 6661161166 1253, 85. -
18116661 1816611666 1258, 85, (6661254),
97. - 11116661 8666 1265, 318. -
111166186166616 1266, 345, 1280, 687,
688.

21116666, 1066161661, 85, 494.

21116666, 1166666611 1111661166 (01661 666
ewmffi

1111666618666661661 186666 (1111661661
666 6316666661) 1252, 68. - ecce
6661661 (61166 2166666) 1258, 85. -
9866666661 266666 1280, 688.

Ι 11116666, 1166166166 216666 (6661656666 ¹

11666) 1252, 63. - 1066166167 (61166
1166766) 1263, 292.

11116666, 2661661616 11666 1252, 63.

21116666, 1166161166 1861166 1252, 68.

11166661166616666 1111616661, 1116661,
2116666666, 16166161 6666166, 216666,
866611 11611, 1252, 63. - 1866116666
1816616, 11166111 666 8121166116, ecc
16666 8167616, 616 13611666 1166611666
666 1166611 666 81686661, 61116166,
6116161166 &divelletl 1280, 688. -·
11666166 361666 666 &tomberg 1280,
675.

 

