006666766-2516766. 525

0116666166 i. 3566666176.

066766, 01116666, frater, 1267, 176.

6666166166 6661264-1273, 112, 128,
160, 166, 196, 244, 246, 497. -— 6616
ὓ66 666 1264, 116. - otto 666
metuet 666, 36766, 1271, 442. -
Dtto 666 20666, 9066, 3661666
666 966766, (67616761, 666 23666616,
3676166177, 1272, 468.

6666666 (6166666, 6661. 66666,
stt. 86676, 373, 409.

666, 666616 tm 6661, 676, 664,
634, 666. 361. 31666666.

blm (01666, 016616), 336166 666 1264,
294. - &metue 666 1279, 666.

666666666666666666.6666
07666676 1276, 636.

Det, 666 f. 6796667671, 37616667.

θα (Ore), 3766666 6661271, 430.

ῢ6166661616(0616666666), 26666.ιῦ6,
664. - 31666666 666, 66666, 1276,

biche (0661116, 0666666, 0666316), 31.
&mmeffiQffim
274, 276, 332, 344, 360, 363, 368, 384,
mfflmfflfflffl

biche! 91.,6166666666 1266, 332,
344, 1266, 383, 384· - 37666 3666
6616 1273, 474. - 2666 3666666
1263, 83. - 366666666166666
beten 67666611 † 0761661266332. -
276661 &ulcu 1266, 332.

biche, 26616 6667666 1262, 46.

biche, 6611667 6666661 666 1262, 263,
1264, 313 , 1277, 608. 6167τί76 6661263,
274.

ὒ6176666 (0606166116, Osterwide), 31666.
36967616, stt. 6601, 409, 461, 672.

bittinum (Ostringen), 37. ὓ6666666,
3361611776 666, subdincgravius 616
5916661666 6666 666 366666, 666
6667666 666, &teter 167 6766166 66
66616661, 1277, 696.

4367166 (Meton), 36 3666166, (666676
666, 66666666 3116661261, 16, 1262,
49, 60. - 316666 6661266331.

0366116111 6961166.

folum (0366666661. 6616766, 279.

, 0361666ὓ61166.

0116623666.

67667 (One), 91. 36616766, 279.

3167616 bet ὓ6666193648.

offenburg, 36666661, 626, 626, 627.

ὓΙ6166616, 8676766666, 626, 626, 627.

6361661116, 2666636666766766 6066
61666 666 216 1276, 626, 627.

θῑ6666676 (20666666ιὶ663666666666
666 6916166676), &rosen 666479. -
(6766 66166176 (6172366766) 1264-
mmmmmmm
319, 326, 377, 399. - 4611666116,
616.(8766666763731166616,66666166,
1266169, 1264, 366, 1266, 377. -
617676616τί6 6. fl. Ι1261, 41, 1271,
431-6176766161666661276430.-
0176661167166667 7666660661666)
1263, 70, 1266, 190, 1263, 277. - &tuf
6716716 (666 20636), 37666 864
6666 1261, 37, 41, 1271, 434. - &tuf
866616, 6666669 286166, 1261, 37 ,
41, 1271, 434, 447, 448, 449, 1273,
481. - 66664616, 866666 6766,
66666616 666 36776676, [eine
wwmQQffl-M
66616166 1271, 432, 1276, 626626,
627. - (8166 366666 1267,171,
1260, 226, 233. - 9317666, {eine 6766, ’
1267, 171,1260,226. - 36106666
016666669666666,6766666666666)
619 (816616 &ebert 666 26616667, 1277,
690. - 666616, (37666 666 37616,
126266.3669667666666662366666.

6716616616, (36166 666666 936666, 666 .
6666, 1264, 109. - 016661 666 (861616
666, 237066, 1271, 431.

ὓῑ666666 (Aldenthorpe), 91. 23101,
watra 66666 1273, 601.

Oldenlinge f. 3116666616.

ΒΙ6166661 114, 304.

Olfnen, 3116676 666 1263, 279.

0166166666 junior 1276, 626. ·

0661616, 31661. 3361676676, stt. 216616

’ 6616, 174, 262, 286.

operam, otto 666 1266, 324.

Orio, 376666 de, 59676667 ln 86666,
666667669666667,1277,611,1276639

Orlinghusen f. 351366666616.

67666 (Orten), 97. 3661667071, 1261, 29.

676666, 666677 16 2067666666, 1262, 64.

3976166, 26696εὓ6, 290, 291, 292, 300,
302, 303, 304, 307, 309, 464, 466, 478,

 

