31000500-(5010000. 537

9101050080840080000, 40101000, 1800011
80105 1275, 536.

9100006, 9100011000 000 9110οτ05 (010
&obn 1279, 649.

91000, 8000010 1277, 600.

1000000010, 05100100801101000 1266,

1000010, 5000 001 2800000001435.

1001030000 000 1280, 680.

11010110, 3010000000 000 1252, 55.

Busche, 61οτ5000 000 1251, 23, 1254,
112113.

Ruschendorpe, ξπίητίᾰ] 000, 80000010
ὓο000000, 1277, 578.

Rusle Ῐ. 615Πο1.

10000000οο10οῘ. 3000000000.

1600001110 f. 36661000.

1100000010, 30000000 000001100000000
1000, 310.

Rysssber f. Riseebsre.

&asthtsltfeu (80100000), 6100( Smetri&
0001258193. 804. 81000.

(5001110 (Saxo), 305000.

801010050οῐ0 (Ssssenhussn), 20010001,
111000οτ 8000010, 1267, 347. ,

saltant, 00000000 1277, 600.

6011001000(80100000100, 8010000010) 501
9100100, 00(οΙ, 279, 402.

0011000000 (8010000010), 5100000 000
1256146.

0010100000 (8010110000 apud 11100010) 001
(3001000, 080. 91000000, 310.

0301000000 500 0101010 159.

6011011010, 91000, 249.

&umens (Ssmeren), 01001101). 23000000,
429.

&omem (80010100), (3000 000 1272, 457.
8001100, 80010οτ0 000 1254,109.

8οξ00110110 001 0100000001 010 010000000οε
000 453.

Sapiens, 6000000 1267, 349.

80100000 i. (5001000000.

8000001000οῙ. 6050050000.

800000 1. 65150000.

800000006οῐ0, 6000000 1257,168,169. -
29100010 000 900000, 1100000, 1273,
501. - 80000000 1277, 599.

8000001000 (8000000001), 88100οτ 000
1050, 61) 1010, 569) 1010, 013.

80011100 ἱ. &host

Schadeh0f‚ 810101. 800110, 533.

8011011110 409.

&hugon (Scsge,Sosgen), 608001005006,

800000 000 1251, 3. - 50001000 000 ,

000 50100001), (000 &obst 1252, 63. -
300000 000 0οῧ01000001, (010 800
00001000, 1279, 660. - 8801101000 f.
Dssuubtsstt, 5801011000.

8600800100), 81. 2001005000, 001010οε
01000000, 634.

&thule (8001600), 001010οτ0 000 12501771
1001, 250, 1011, 497, 1010, 659.

80100000( (8010000000), 9010010000
1000, stt. 8001005056, 519, 679, 689.

8000005000, 0110( 010050το 000 1280,
687, 688,

&hele (Luscus), 5000000, 6000οτ 10 De:
0000100, 1252, 441 1266, 345 (8100ῇο).

&theto (Luscus), 80000000, 1310000 10
10000, 1000, 61.

801010οο100, {sibam 000 1271, 432.

8610000000( [- Scsvincdorpe.

8011111100οο0, 310000 000 1280, 680.

8001000, 9090000500910100, 2100
(8010000 1276, 571, 1279, 650.

(5010000, 2700010 000, 3701000100 000
2701000, 1272, 466.

(5011100100, 310( 001 ῧ9005056, 26, 27. -
1105111064.

80111εο000000 (81000000), stt. Dsnubtsstt,
30050 000 810011101οΙ 201, 238, 440.

(5150000000 000 f. 81000100.

605ῐο0000060 (8100010000), stt. 36100000ς
51001, 463, 474.

6511161000τῇ (81100010081100110100), 300
0000 000 12711422, 1277, 588.

(5000000000 (811000, then Slynge), 8050
00 0100000000, stt. 8001005006, 225,
233.

5000110000 (8001000010), 3108108100,
430.

5010000000000 (8010000000),90.110010
(0001100000 000, 3800000, (0100 grau,
8000100, 0011000910οα, (0100 8100οτ,
1278, 623.

0501101100 (Faber), 305000, 10 6100010,
9000010, 2800000, (3010000, (0100 80500,
1011, 515, 516.

 

