514 21111115119211111111.

1111 1265, 327, 511111191511111 516
1611111 θ111 5111 8111111111 1254, 108,
1264, 299. 1111115111, 91115116111111
51111111 111 1115115119, 12611377. -
61111 Otto 511 1311111111 11518111
11111111511ὓ151151119βά11119111
1511111 516 61111111 θ111511211111111
5119, 111 111111 9111111191 1261298.
306, 1265, 319, 325. (1111111111 5111
3111111111 116 61111 5112161115119
1264-1272, 298, 293, 306, 319, 325,
355, 406, 420, 437, 441, 463. - 61111
11111 5111 2161115119, 11111 516
1311111 Dtto 511 1111111111 (591. 1111111
111111) 1272-1279, 463, 490, 512, 520,
533, 539, 554, 530, 587, 592, 594, 619,
ffimfflfflfflffimm
661, 664. - 13111111 9116111516
(1111111516), 1111111111, 1277, 580, 592,
1278, 620, 622, 1279, 656, 659, 661,
664. -11111 1115 619115111, 11111
1511111216,554,1211,560,591,·1216,
622, 1279, 656, 659, 661, 664.

5161115119, 1611911151111, 2, 15, 168,
161, 111, 361, 416, 611.

2161115119, 9111111111 911111 1111115
81551 1251, 42.

3161115119, 11111115119111111 211111111111
1919111115 1262, 261.

211911(111911),111.1111111111,513,656,659.

211911, 91111111 5111111111 1279, 656.

’.1111911111 1. 1511111115.

11111111, 1151 111 1111111191 221.

11111111111111 1. 151111195111.

Thedem 1. 15151111.

’.1111111111 1. 1111111119.

111911111409.

11111111. 59111111.

1111119111, 1115111 bun 1266, 331.

1111111111, 111111 513 (811111 81111111
5111 1115115119, 1260, 225.

1111111 1. 19111111.

511111, 111115 511 1273, 630.

2111111 (Tinea), 111111. 1111111111, 111.
6111115111, 261.

’111191191 1. 1151111191.

Thitmarincthorpe, 1111915116 511, 11111
111516, 11111 111111, 1263, 281. 1191.
1111111 Thitmeringthorpe.

Τ1ἰ111111111,11111116 1270, 416.

’.111111409

111111111429.

211111 (111111, de 11111), 1115111511
1267, 364. - 55111115 5111 1257,182.
- 31111111 5111 1267, 181,182. -
1111111118 5111253-1277, 68,101,118,
123, 361, 463, 590. - 31111, 111111
&raus 1272, 463. - 11111111, 1111
1111511, 1511111111 11 2111111111, 1254,
123. - &eine 9111111 31111111 115
3111111111 1254, 123.

1111111111, 1111111111. vatum.

’1111111111 1. 1511111111.

111111 1. 15111111.

1111111111 19.

1116111, 31155 5111 1267, 363.

111111, 2111111111, 5511111111 11 1111111111,
1278, 635. 11191. 11111.

’1116115111 511 1111111111 376.

1111111 1. 11111111.

3111, 59119111 utrecht. 6111161111 15111111
1211191.

2111111111 511 11111111, 91. 95119, 9119
1111119611 415.

5111111111, 11151 im 91111. 15111111,144,

11111 1. 21111111.

Τί11111119111111 308. 1191. oben 1111·
marincthorpe.

11111111, 1911111, 1270, 422.

1111111116 (1111911111), 81111111,αῇ
11111111, 91111. 111111, 9129111191,
483.

zap. 3119115151 1266, 344, 1276, 414,
1276, 550, 1277, 589. - 5111111111, 11111
1311511 1270, 414.

Torberg, 11111115 1111 1115 61111115, 111111
11111, 1265, 316.

1611111991, 511111. 3111111533.

11111, 10111111, 1252, 58.

’1111111111 1. 1911111111.

2115111111, 1115111, 11111911 11 1111111111,
1279, 626. - 1111111115, 11111911 11
1111111111 1256, 194.

111111 1. wan.

Tremonia 1. 1511111115.

111111, otto 1280, 688.

went (111111), 6115111115, (3111111111
1111111361.

1111111 ....... 11111151191111121111111111111,
(111, 12571186.

21111111, 1111111116, 15155111 11 1161111
5116, 1211, 615.

 

