532 &bethum-mumma.

1111111111, 11111111 11161111 (monast. 11.
Ρ1111 11 11111111), 110- 11111511 1111111115
(1111 91551) 1269, 409. - 1111511 11111
(01111 111 3111111111 1276, 497, 498. -
1511111111 51111115, 1115151511 311111,
1276, 564.

1511111111, 9111111 111 1267, 347.

1511111111, 1115111 1111 1252, 59, 1254,
111, 1259209, 1261, 248-111111115
1111 5151, 1611111611 11115111,
(55111111551 116 1111111116 1611111111
111 1161111111, 1259, 209.

Pallidus, 211115 1264, 308,

Ρ111111111, 51111111, 1111551, 1251, 16,
1212, 41.

11111111, 51111115 1261, 247.

13151 1. Clericus.

1115111, 1111111115 1262, 253.

1115111511 (Ρ151111111), θ1111111 116

1611111111 9111151116, 580, 583.

1111511 31111111 IV. 1251-1254, 6, 17 Ι
18, 22, 43, 60, 84, 114, 118,124. 2116
1111111111 1111115111 148157.

21511 2111111111 IV. 1255-1269, 130,
131, 140, 147, 148, 149,157,172,175,
180, 184, 191, 229, 232. 1116 1111111111
1111111511 300, 531, 532.

111511 111111 IV. 1263-1264, 290, 291,
292, 300, 302, 303, 304, 307, 309. 2116
11111111117 11111511 323.

111511 1111111116 IV. 1265-1266, 323, 333,
336, 371, 372.

111511 01151111. 1272-1274, 464, 466,
478, 480, 511, 518.

111511 5111111 V. 116 1111111111 1111511
611.

111511 1111111 XXI. 1277, 582.

151511 3111111116 111. 1276, 637.

1111111116 111 131111, 9111111, 126, 194, 451.

1111116 217.

Parvus, Anselmus 1252, 53. - Bern-
hardus 1271, 444.

Ρ111111111 (8111111111) 5111 111 51111115,
111151. 0111111111. 1111111, 686.

Paulus Interampnensis 1268, 372.

151111 (611111111161. 5111111111, 6111
511111111279,642. -

1111111111151111, 1111111111, 489.

11111111, 2111611101, 80, 323, 333, 336.

11111, 1211, 1211 1111211, 615511,
12751111 1279 rector consulum 1111
magister scabinorum, 1263-1279, 276,
345, 359, 436, 507, 529, 530, 544, 602,
642, 653.

Petrus, archidiaconus Brolieusis 1263,
292, 1264, 300, 303, 304.

11111116, 611111111111, 1254, 121, 125,

1264, 300.

11151111υέἱ ἕ151111, 6111565111 11 3111111,
1211, .

1111111111, 51111115 1111 1111 11111111151111
5151, 1259, 218.

Pinguis 1. 11111111.

Pistor, 01115111 1276, 569.

Ρ1111111111111 111 21111111 376.

2111111111, 61151, 572, 573.

Ρ111111111111, 5111111151111261, 244,
245, 1262, 255.

Ρ111111111111, 1511111, 11 1361111116, 1265,
326.

Ρ11111111, 51116116.

Ploghus (211111 8111151) 343.

Plump‚ Averieus 1111111 1271, 447.

1116111111 211.

5111111111, 5111 320.

Polle, 51111111 1111111111, 11111111
21111111, 111. 21115511, 1277, 600.

Ρ111111111, Petrus de 1252, 47.

Portus 1. 111111 1. 111111.

Portam, 5111111 1111 1111111 ante, in
0611111111, 1252, 44.

15111,9111111,ΐ1111151111121111111,1252,63.

5111111111111 2, 126.

1511111111 47, 198.

Proit, 1115111 1257, 171,181,182. -
111111 111 0111111111, 11111 5151111
111111 1257-1279, 181, 182, 345, 446,
507, 529, 559, 560, 636, 642, 646. -
6111111111 1257-1279, 181, 182, 501,
560, 636, 642, 646.

Pallidus, 11151111511111111 11 1111111111,
1211, 419.

Ρ1111111, 4151111111 1255133.

Puteo, 2111111 11, 2111111116 (1), 1511115111
de 1268, 365.

Q.

1311111111111,11111111111(11.611111111111 nuorenhrsar. &abt 1111 5511111111ῆῇ,

Petronille), (5111111, 2111151111116111

1111511 11 111111111115111111111111151,

 

