sigheltra-Statehove. 539

Sigheltra 6666116 661 1661 1116611161 66.

8116666 608.

8116616 1. 61616.

8116116661 1. 66111661.

Simelincdarpe, 661616 6661661, 116111.
611666, stt. 11661, 686.

8166666 1. 66616.

816616, Winnokinc super, (1616, 213.

81666 409.

816661161666 666 1279, 416.

816666 (166611), 16616111 1281676. 811.
1116611.

81666116, 861611 166 1267, 361.

8166611661. 611616166166.

61616166, 1661611 166 1269, 391. -
6166166 666, 6366666666116611 1271
-1290, 438 (6161116111, 442, 446 (613
66611), 471, 472 (616 166611), 484,
fflmmffifflfflffiffl
673, 674, 686. - (161616, 61661666
21161166 1273, 484.

8161, 9166666, 8611, 1276, 626, 627.

8161166616 1. 6161661616.

8116116161 1. 6111111661.

8116111161, 11616611 1271, 430.

811616, 1161666 666 1279, 616. -1161666
6611126146.

8111166611. 6111611661.

8116361. 6111616666.

8166, 86166, 2111161161 661 1161166166 ge:
66661 666, 2166166126381-6161666
666 1267, 166. - 8611661166 6661277,
600. - 16166111 166 1. 21116166, Qum:
1666.

8116161. 6111616666.

8661666661. 6166111666.

8661161626, 6111611661 1277, 688.

86161166, 1111116116 166 1279, 642.

8661166661161. 6161161661.

86616616661. 61166116166166.

816661. 66116666.

1166166166, &the 79.

Snetberg, 1161661111 1272, 458.

8661661166, 361666 6661276688.

86611616 1. 6116611616.

86666666, 861666136161161666116, 16166
&tuuf 16166161, 116 6616, (1261), 1.

61161 611. Sigheltra.

66116 (866166), 2166161161, 442.

66611 (8666166) 88129, 131169, 178,
&mmmm

66611, (11661611, † advocatus 11161166,
† scultetus 16661666, 168 06116666
2166166 18661616 1261126. - 16166111,
6616111611, 6612166161, 1616 2166166,
1261, 244, 246.

66611, 116111666616 461.

66611, 3161166 11666166 461.

66611, 1166111 11111111 (666 1116616661
12511193. - 1161661 (6166 2161666)
160. - 11611661 116166 1262, 263. -
61616666 (6166 2161666) 1273, 480.

66611, 11616661666661166, canonicus
16 61661611, 1269, 411.

66611, 61616111 666 1261, 23.

8611666661 1. 6611166166.

6666661666(86666666666116166161166
1256167.

span, 13111616 1262, 49, 60.

6161116 (8161666116), 866116661616 13111
166166166, 641.

616161 (Speculum, 816161), 6666611269
-1273, 394, 396, 397, 418, 496, 626.
- 216616611616166 6661166 1270, 418.

616166 139.

616116, 116. 916166, 681.

616616, 06. 11661661, 368,

616611616, 86666 166 1. 21116166, 5866
166166.

6116161 1. 616161.

61661, 116111. 21666116166, 116. 18161661
6661112, 116.

61661616 (616616, 21661 1166116), 1661661
666 1262-1279, 66, 78, 79, 162, 182,
308, 391, 426, 430, 431, 441, 469, 486,
mmmfflmfflwm
61661611161.21166,8661666,Κ6666.

616111 (8166), 11661666 1262, 66. -- 861
166666 1263, 2781 1269, 391.

8166116, 816616, 8161166, 16661666, 8116
166 16 66661616, 1272-1279, 466, 607
(611116), 602, 612, 616 (6111116).

61616 47.

616166 (staden, 81611166), menet 666 1.
1119661616, 6661666.

8161116161, 1111616111 166 1271, 434, 4471
1273, 481. - 1616611 661 (6661661
666, 1161166, 1273, 481.

81666666611161666681666661, 21166166
66116, (6166 grau, 1266, 332.

8161611666, 16666666611161666 666,
1161166, 1269, 206.

 

