1111101111-1001501100. 523

0010110 0001 2110100 (0110001 005
0011010118 0010 2110100) 1254, 123.
01111015 0011 Lon, ὓο001001101 000
91. 2101101255, 134) 1278, 635.

1101011010 1255, 134.

1110011 1101010110 00011111001000 1259,
211.

21101100160010101) 1000001 20100010
1200, 211) 1200, 409.

1101100009 0011 8111000 (110100, 110110)

· 1263, 273) 1269, 409 (prepositus
Frisie); 1271, 435.

2110011101 91100110 1203, 279.

2110011101 20111010, 0600511111οτ Qum:
000001, (100 1270), 389) 1273, 490)
1275, 544) 1278, 635. 301. 115001
511111.

70105010 0011 00110, 1110011 000 91.
10100110, um 1270, 389.

61105011 (010 1270), 389) 1273, 490.

1100100 000 1111015011,1010011000 91. ·

21010οε01001101, 1209, 409. 900101
11111001 000 ῠ60050101.

2000111 (0000000005010),1110011 000 “
91. 30000096000100, 1200, 409. “

10101116) 1οτ 91000, 1110011 000 1109
00111100015010, 1209, 409.

[1110 000 1111015011, camerarius 111
1100015010, 1209, 409.

010011 110100οἰ0 1209, 409. ,

11101110) 000210010011010 1269, 409.

301000 000 Reme 1274, 503, 504.

91101010 000 00110 1275, 523, 541)
1277, 500.

2001001 1277, 576, 577.

20010101 000 110000 1278, 635.

21001101, 6000101101 0105011 1254, 123.

01101101, 01101 10010 (91. 111001), 11110011
00110000 1255, 133. - canonieus
0111111100 1275, 541.

21001101, 91. 1000111) 593. - 11110011
30115010 000 00110 (um 1270), 389. -
canonicus 300100 1254,123.

1111101101, 91. 9110111101110011900105 000
511015οτ0 1262, 263) 1209, 409. 905101
01111110( 000 ὓ90051110. - 11001001
1001001 1209, 409.

21001101, 91. 91101011, 11110011 0110οτ101
1255, 133134. - 1000001 0010001111)
1259, 409. - 60010001 1010011101 bet:
01000 1277, 593. ’

20001100, 0010001101οτ 263, 327, 334,
555. - 11511100 1100, §tunam 006
10110100 9110 000 20010000101205,
327.

10001101, 1150100101111010 685.

2111101101, 90011001000611008, 00011111 .
000010) 1270, 020.

0010110, 91011, 00, 100, 100, 170, 100,
230, 232, 308, 382, 429, 435, 509, 598,
611.

2711101101, 01101101 00110000 1271, 435) ·
1278, 626 (quondam judex). — 11101001
1. 3011010110, Biscop, Crudelis, Leo,
Pullidus, 01110, 2100010100, 1001110100.

1111101100601110000 officiatus 1111269409.

10001101, 11010100οτ 000, 2110011101, 1250,
160. - 00101101 000 1278, 619. -
00101000 000 1201, 247) 1204, 308)
1270, 554, 569. - 9110011 0001280,
685. - 91101010 0011 1254, 100) 186)
1200, 226) 1202, 260- 9010001 000,
60010115 11111001, 1251-1270, 15. 69,
mfflffimffiffifflffl

1101011010, 1010111011 1254,109) (1273),
476) 1275, 525.

110100, 9101011100 12011225.

1101000110 1. 0101000000.

1111101011, 0101111100 000, choriepiseopus
Coloniensis‚ 1262, 255.

1100001001οη 1. 2100001111ιο.

1000001000, 000100 000 1250, 146. 2101.
11ηο0100110νο.

11ηο01010, 11007010 1. 1110011010.

1101110100, 1111100100, 2115011000 1239,
404, 405.

Ν.

110101, 0101111100 000 1270, 415. - 900011
1277, 589. - 01011 (9100011) 1252, 59)
1200, 044. - 11000 1270, 550.

2001100 (Νοο) 501 1100001011 44, 667.

2015010001οη (Nortberehusen, Norber-
husen), 01. 11011110, 211, 231.

110100 (100000), 01101 29011010 0001252,

9101501000 (Nortbergen), 01101. 11111000
0011, 011760αο1011, 54) 0101010000
1115010198.

 

