8661-266666. 517

9661 (56111616), 96116666, 65, 281, 668.
- 916616 556, 557, 558.

2666 (56111616, Ludere), 6616666 666
1263, 77. - 66666666 666 1276, 550.
- 6666666 666. 666, 9966616661
(primi altaris), 1616, 617.

2661 (11616191. 6116161611 397. ⁴

8667 (Lare), 6161611611 666 1252, 53.

2666, 91. 8111166661, 192, 231.

2666116666611616666, 78, 79, 192, 231,
267, 261, 298, 311, 353. - 9616161
2116616 1260, 231. - 96666661611166
9166611 1262, 261. - 9616161 866666
66661666 6616 1264, 298. - 2116666
9166611 666 6666666 1204, 298.

9666 (1616), 8666166611 166 96161. 9116166
6661, 91. 9661666666, 226.

261166, 91. 21116666, 9161161, 377.

, 1616, 1. 2666.

1166611661. 13611666.

2666, 66111666 518.

1166666116, 1311116161 666 1271, 431, 432.
- 1666611666 666 1276, 525. 1561. 2666
6661 666 56116666.

26666666, 23666, 96. 21166666, 8166116116,
600. - 191616 6666666 666 Ρ6116
1277, 600.

1666616116116661, 866611 666, 1136161166,

· 187.

866666, 96161. 2166666666, 96. 2661166
66661, 636.

866666, 3611666 666 1261-1266, 15, 29,
93, 168, 169, 261, 319. - 9166611,
11666666 61666, 1253-1279, 93168,
169, 261, 283, 306, 361, 487, 441, 454,
467, 474, 560, 580, 592, 619, 647, 649,
656,661.-2166611, 3611666, 6666666,
16166 661661 36116, 61611666 666 Qu:
6611 6616, 16166 266161, 1276, 560. -
8116166661, 91666116 1166666, 1262-
mmfflffifflwm
619, 647, 656, 661. - 66161666 1263,
78, 791 16116616666666666616166666
6616666 616111 16666 66661666661616

holten: 666-1166, 2761666611, 927, v

328 (66166), 358, 386 (66166), 408, 409,
567, 593 (66166, 6111166 666 966666),
626, 635, 675. -66116 666 66116, 616
11166 666 16666666 6666666 1263, 270,
283. - 6616666 666 1272, 454. -
9166611 666 1264, 308.

9666666666, 91. 3966666666, 214, 237,
414. - 11161166 6161111166 1268, 379.

1616611661. 2666661.

8666661616, 91. 61616166, 9161161, 133,
279, 457, 594. - conversus 1161661
6666666 1263, 279,

9666661 (5616661611), 96291666661661,

9666166666, 91161 866616, 41, 170.

Lantegge 1. 1611166116 666 26666666.

1161612666.

Latberge 1. 1366666666.

2616666, 216611.ιῦ61, 147, 148, 149, 172,
1751 1361616666 966611 210.

56116, 86161616 1265, 325.

2666666666 (1666166661) 661 616616
116666, 11161161 2961161 187.

haye, 66611616 666 1272, 457.

96611166, 66161611, 21111616161616611166,
1161, 34.

2666116666 (1661116611, Ligtingen), 96161.
1961666611, 91. 2166661661, 32, 475,
486, 502, 522, 584. 1361. 19661166.

8666116666, (166666 666 1261, 241. -
† 61666616 666 661166 29111166 2116666
161116 666 916666116166666 6666616661
(6661616616616616,6111616661111616166,
laici, 2111161616 conversa, 1161661666
juvencula, 1273, 4861 61616616 1166
1916661666, 66666 666 1136111616 666
6662116166661116 (6661 1273), 502.

1366111166 (1661116166), 96161. 21161666,
96. 3611666166, 280.

266166, 96161. 111166666616, 91. 99161666,
583.

13161616 (1161116661, 5611116661), 16166616
666. 1251-1265, 20, 110, 161,181,
182, 289, 32811278, 627. - 26616616
(18616616) 6661265-1277, 328, 489,
505, 588.

Leden 1. 961666.

2616116616 1. Letheredeslo.

966666116661), 96. 2661166616691161161,
31.

266666, 9161166, 74, 96, 319, 334, 406,
420, 451, 635, 681.

1366666, 91, 1166611 66161161 1269, 70, 741
1268, 190. - 6366611 1161166666 1276,
619.

8666661166666 666 1261, 247. - 3116
6616 666 1280, 685. ¹

 

