540 81111111-81111.

8111111111. 611111.

6111111, 11111116) 1260, 225. - 31111111
137 ,· 1271, 494, 447, 1271, 431.

61111111181111111), 1111111. (11111, 111,
141, 142.

6111111111811111111), 111111, 31111111,

322.

61111111, 3111111111 247, 415.

6111111111, 311111111111111 42, 261, 299,
mmm—mwmw
1266, 231, 1269, 402. - 11111111 111
1111. - 1111111111 1111111111 1262, 261.

611111111, (1111111111 111 415, 517.

6111111111, (11111111 911111*)1111251
-1230,5,155 (1111311111), 166, 193,
247, 298, 330, 331, 345, 356, 361 (nepos
113 1111111 6111 111 1111111111), 364,
392, 415, 433 (111111311111111 61111
1111), 456, 530, 539, 595, 599, 691. -
11111111, 1111111 grau 1266, 331. -
811111 111 1111111111, 1111111611111ῑ
91111111) 1211, 247, 1211, 931, 1211,
384, 335, 1277, 595, 599 , 1230, 691.
- 1111111111 1261, 247, 1263, 384,
385, 1276, 554, 1280, 685, 691.· -
811111 111 11116111811111, 11114
11111161111111631111111171111111.

611111111, 1111111111 111, 3111111, 279.

611111111, 11111111, 111, 1111111 111 D&
11111111, 1266, 331, 345 (113 611111),
1267, 359, 364, 1271, 436, 1277, 588.
-11111111 1111, 1111111 11 6111111111,
1274, 507 (6111111), 1275, 544, 1111111
111 11111111 1277, 612, 81111111 1278,
615 (6111111), 1280, 685.

6111111111, 31. 111111, 628.

61111111, 1111111111, 1111111611111111111,
1256, 147, 148. 11111 1111111111 11111 1111
3111111111.

61111111, 1111111), 6111131111 1111 61.
1111111631111111, 1. 6111111111, 61.
11111111.

61111111, 17111116, 1265, 328, 1271, 446,
1273, 489. - 11111111 1111 1111111111,
11111111, 1274, 505.

81111111, 81111111 111 1276, 549.

8111111111 1. 6111111111.

“ Stenegevort, 13111, 111 111111, 569.

Stemus, (11111111 1267, 361. -11111111
1111271626.

*φῇ-..-

811111, 111, 2113111111111, 271, 272,

8111111111 1. 6111111111.

8111111111 1. 6111111111.

61111111, 1111111111 31111111111111279,665.

stephanus dominus 1269, 394, 395.

stephanus, 1111111111111110) 11111111τί11
1254,108.

6111111111 (8111111111111), 1111111. 11111
11111111, 549, 553.

81111111111111. 6111111111.

6111111111, (1111 11111111 111 1258193,
1211, 649.

6111111111, N. 111 1263, 277.

Stippe, 11111111 1263, 365.

8111111111 1. 61111111.

61111111(81111111), 31. 6111111111, 92,
mmmm

61111111 (81111111), bugu 111 1. 1111.

61111111, 3111111111 111 1264, 308.

6111111111, 1111111 111 1256, 159.

Storkesbeke 100.

8111111, 11111111 1276, 553.

6111111, 1111111. 6111111111, 111. 811111,
402.

81111111111,611111 6111111, 111. 31111,

811111, 11111111 1257, 111.

61116 (strio, Strik), 1111111 1263, 279,
1211, 401, 1271, 635.

81111111,ῷ111111111311111111,1111111,
1277, 580, 1279, 664. - 1111111111
(1111111)111 1277, 592, 1279, 656, 661,
664. - 1111111111 1279, 659.

6111111111, 31. 13111111, 8111111111111
411.

6111111111, 11111111 1111111111 12511197.
- 11111111 8111111 1111 1111111111
1211, 411.

6111111111, 1111111, 81111111 111 1251,
23, 111 1111111111 1111111 252. -
11111111111111111, 1111 6111, 1251,
23, 1252, 55, 252, 1269, 411, 1276,
552. - 81111111 1111111111. 31111111,
6111111111.

6111111111, 1111111111 1111 1. 2111111111,
1711111111.

6111111111, 11111111 1111111111 1262, 253.

8111111111 409.

81111, 81111111 1111 1272, 456.

1) 114 1111 1111 11111 1111111, 111 11181111111161118111111111111611111111111 strena 1¹⁸ 16111111

 

