Bemembike-Biden. 495

9616665716, 51665665 666 1261, 243.

Bernestorpe 7. 56667667.

2166666756(3616662666,361666766),92767.
9666656566, 2766566576, 78, 79, 231.

2166666766, 2775666 666 1263-1272, 78,
79, 257, 456. - 56666676, 76766 &tau
1263, 78. - 206666669766677, 76766
565566 1263, 79.

56677666, 266666 666 advocatus 977676
5277125254.

21665665, clericus 1251,16.

2766677665, conversus 1261, 241.

21665666965077676966656961262276.

5665666665656 in 5666666 bei fian:
666767 6. 6. 29677666 394.

9666666172), 6666560666 506666 1271,
436.

Bemincdorpe 7. 5667665667.

Bersen 7. 2767766, 976766.

2166766, 27576766 666 (1466616666), 66666
567676 217666 666 57666657661261
-meQOmm2
3287 quondam judex 330, 331 7 (54775772
mmmfflfflwm
scabinorum 673, 674.

5667665667, 2767677.εὓ6 3, 145.

5676656666661617666666663.-9666
66τί676 604, 605, 633. - 97657667 633.

5676666767, 9767766, 3, 29, 37, 40, 41, 61,
wfflffifflmwwmffl
fflffimmmmffim
mmmmmmffim
mffifflmmffifflm
mmmmfflmmm
479, 488, 496, 500, 513, 514, 515, 516,
523, 525, 526, 541, 559, 576, 577, 578,
579, 585, 586, 604, 605, 621, 633, 636,

-ffimfflffimmffl

8667666666, 97., 2756776 7676666676 666
ωψωωω-Μψ
96666576 1272-1276, 453, 525, 526.

5667665676, 97.,716667729666 1261-
1279, 41, 200, 224, 235, 389, 453, 459,
579, 647. 9665666, 7676 966766 389.

2367665666, 97, 66666666 76566576
477. - 276666 2867666576 666 bulte
(1263-72), 389. - 97776565 96666

1277, 576. - 97567676 666 9666676
1272, 6637 1266, 676.

2167665606, 2765576766 965666 (71666
rantur 76 9666567767, 7. 6.) 1266145.

-5666666(6669776756667166766766
(7. 6.), &tuber 666 2177677679 966666
1226, 633.

5676656067, 56676567 145, 273.

5676656776, 21666665 666 7767766668 666,
736666 666 56776, 2176666 76 9775676
in 2967665667, 1274, 514.

21667666, 96676766 666 665 277566, 7676
216666 1276, 549.

Bertelwie 7. 5666766666.

Bertelwik (96767266777665677566766, 96.
2776776), 56766767) 666 1263, 283.

Bertmelo 7. 1666666776.

566676 1269, 409.

Bertoldus cirurgicus, 2176666 76 29067766,
1266134.

961667666277666 666 97676 666 2367766,
1264, 110.

366676 (1261), 1.

Berzingehusen 7. 5667665676.

56766666, 2766765366, 90.

2167666 (21667166, Β66766, Β666, Β66166),
&moth gen. (Bastun) 1267, 361,· 1279,
654. - 16665666 666 1263-1278, 388,
444, 465, 569, 627. - 966, 76766 9666
1263, 388. - 5666666,13666776669,
5677667676, 76766 976566, 1268, 388.

567166, (5677665 665 97566766, 7676 (5656
1273, 491. - 7765666 666 1267,181.

56676776621707676 11666777, 976776 466.

Bettinehusen 7. 5666656666.

Betzelinc, 51677665 1269, 409. .

566666, 27667727), 517.

21666666, (5666. 57766, 2766 90676666,
459, 4767 7766766656 459.

21666666, 23665666 666 1262-1277, 54,
62, 155, 199, 278, 308, 330, 331, 356,
446, 473, 543, 560, 569 (36166666),
602. - 966765 1263-1277, 78, 79,
108, 463, 520, 589, 593. - 77677666
1262, 54. 966566 1264, 1167 276566,
2775666 666 5666666, 2160566 666
avunculi 662 7167676666 966566 666
5666776676 1269, 411. - 27967666
1264-1271, 308, 325, 361, 402, 409,
443. - 566666 6662567766, 56066,
7677666666 6669676666, 6666766666,
1277, 593. -2167716665606751667766,

56769765 96666 567 976776 522.

Βίἓὲἓ (6766 2176667) 9676787666, 539,

 

